-0.009555  0.000563  -0.000667  49.101754  49.638680  49.721530  0.019830  -0.023505  -0.242481
0.038621  -0.026628  0.031563  55.744127  55.440608  55.587162  -0.233810  0.277141  -0.428862
-0.003954  -0.000989  0.001173  44.551279  45.329298  45.375675  -0.245008  0.290413  -0.135740
-0.048222  -0.061187  0.072526  56.794337  56.846734  57.153832  0.431642  -0.511636  -0.897897
-0.000202  -0.000069  0.000082  33.835012  34.813122  34.799984  -0.432986  0.513229  0.038452
0.093575  -0.002608  0.003091  64.495741  62.732668  62.839433  -0.011745  0.013921  -0.312476
0.010360  -0.011210  0.013288  47.240906  47.112459  47.064188  0.204352  -0.242224  0.141286
0.000069  -0.000035  0.000042  30.269846  30.903393  30.818173  0.546593  -0.647891  0.249419
0.007338  0.005763  -0.006831  45.902719  45.956364  45.902885  -0.312194  0.370052  0.156508
0.000875  0.000833  -0.000988  36.618953  36.555850  36.353560  -0.561932  0.666072  0.592040
0.014584  0.011830  -0.014022  49.375969  49.334029  49.345201  -0.136882  0.162249  -0.032708
0.000009  -0.000008  0.000010  25.022766  24.901993  24.676633  0.558398  -0.661883  0.659579
0.000001  0.000000  -0.000001  20.494798  20.513359  20.336286  -0.507734  0.601829  0.518259
-0.162752  -0.084705  0.100403  68.246380  66.542284  66.872416  0.996305  -1.180945  -0.966229
0.002648  0.003196  -0.003788  41.066748  40.804327  40.612907  -0.426269  0.505268  0.560163
-0.484009  -0.292679  0.346920  82.343504  79.093757  79.817502  2.306594  -2.734063  -2.118229
0.416452  -0.078331  0.092847  81.329820  76.400099  76.596190  -0.853536  1.011717  -0.573916
-0.007394  -0.004221  0.005004  46.477296  46.727119  46.715546  -0.297737  0.352915  0.033867
0.222159  -1.262148  1.496055  87.419015  94.123670  97.985270  -1.547525  1.834319  -11.302015
2.121346  3.525400  -4.178744  134.885033  141.097582  150.142767  12.995765  -15.404203  -26.473032
-0.040628  -0.116378  0.137946  58.162348  58.968662  59.531910  0.403199  -0.477921  -1.653978
-0.450321  0.451305  -0.534943  80.969062  80.057504  81.329372  -2.684895  3.182473  -3.722503
0.000154  -0.000062  0.000073  32.966202  33.831839  33.794513  0.479884  -0.568818  0.109243
0.597045  0.347105  -0.411432  86.225056  82.210390  82.995288  2.633438  -3.121480  -2.297209
0.000660  -0.000414  0.000491  36.238302  36.656850  36.544652  0.565682  -0.670517  0.328381
-0.005178  -0.001765  0.002092  45.550933  46.147138  46.177311  -0.271821  0.322196  -0.088310
0.034587  -0.017497  0.020740  55.538515  55.204278  55.318053  -0.145444  0.172398  -0.333002
0.820172  0.384968  -0.456313  93.322003  87.075889  87.802763  2.928924  -3.471727  -2.127382
-0.005369  0.007770  -0.009210  44.053072  43.740927  43.593938  0.288666  -0.342163  0.429947
0.128706  0.136852  -0.162214  64.972105  64.807358  65.397985  1.082016  -1.282541  -1.728772
0.002505  -0.000020  0.000024  42.675136  43.748673  43.822739  0.000795  -0.000943  -0.216767
0.073720  0.343533  -0.407198  67.465867  69.746724  71.094280  0.642052  -0.761040  -3.944492
0.033580  0.029893  -0.035432  54.424162  54.255971  54.402895  0.202044  -0.239487  -0.430177
0.000466  0.000790  -0.000937  34.393046  33.773690  33.450316  -0.456276  0.540835  0.946392
0.086006  0.052964  -0.062779  61.977060  61.137637  61.400176  0.641515  -0.760403  -0.768329
-0.005335  0.007349  -0.008711  44.006296  43.715923  43.571209  0.300940  -0.356712  0.423283
-0.776283  -1.117777  1.324929  94.128302  95.588772  98.604590  4.788350  -5.675750  -8.826160
-0.001382  0.002947  -0.003493  38.931344  38.278484  37.988190  0.330445  -0.391684  0.850549
-0.005534  -0.012467  0.014777  44.880988  44.477674  44.339281  -0.171087  0.202793  0.405715
-0.000389  0.000416  -0.000493  33.946086  33.746412  33.502334  0.574650  -0.681147  0.714341
-0.046591  0.000734  -0.000870  58.951860  58.152613  58.251176  -0.001645  0.001950  -0.288469
0.063920  0.148135  -0.175588  60.765382  61.673371  62.364945  0.611111  -0.724366  -2.029386
-0.000200  0.000163  -0.000193  32.634168  32.758384  32.573792  0.605731  -0.717988  0.540256
0.093298  4.007714  -4.750443  123.111114  143.668151  155.287065  0.127030  -0.150572  -34.005827
-0.000154  -0.000255  0.000302  31.380242  30.758616  30.424711  -0.478560  0.567249  0.977243
-0.618619  -0.564595  0.669229  86.795130  84.944952  86.381509  3.372633  -3.997665  -4.204429
-0.906853  -1.157982  1.372584  97.296253  97.653008  100.668351  5.397355  -6.397619  -8.824528
0.000408  0.000332  -0.000393  34.436581  34.559878  34.380851  -0.596776  0.707374  0.523970
1.400945  1.711730  -2.028956  110.679979  110.298735  114.554521  8.077070  -9.573952  -12.454643
0.004439  0.000030  -0.000036  45.431985  46.313487  46.391912  -0.000474  0.000562  -0.229527
0.554144  -1.035331  1.227204  88.751158  91.811234  94.780957  -3.613374  4.283023  -8.692254
-0.027242  -0.018575  0.022017  53.445226  53.272001  53.367219  0.078631  -0.093203  -0.278645
-0.019909  0.015572  -0.018458  51.264387  51.176577  51.229877  0.032517  -0.038543  -0.155997
-0.000039  0.000024  -0.000029  28.468599  28.893926  28.768903  0.576525  -0.683369  0.365916
-0.014396  0.032545  -0.038577  50.144330  50.106333  50.184327  -0.035963  0.042627  -0.232901
-0.088171  0.071220  -0.084418  61.725220  61.204403  61.548636  -0.733080  0.868937  -1.007502
0.002265  0.006117  -0.007250  41.368959  40.739081  40.489539  -0.230687  0.273439  0.731816
-0.000039  0.000030  -0.000035  28.290486  28.477084  28.304775  0.594811  -0.705045  0.504312
0.000019  0.000017  -0.000020  26.488852  26.478998  26.271318  -0.579886  0.687353  0.607838
0.000089  0.000065  -0.000077  30.750181  30.993474  30.830511  -0.603388  0.715211  0.476959
0.332829  0.886347  -1.050609  82.809408  86.698537  89.409787  2.308030  -2.735765  -7.935279
-0.000001  0.000001  -0.000001  22.928934  22.922088  22.727949  0.541284  -0.641597  0.568210
-4.777191  2.927451  -3.469980  199.997436  163.166748  168.809380  -22.132953  26.234740  -16.514292
-4.176952  -3.405648  4.036799  218.263153  186.394028  195.719419  28.676556  -33.991035  -27.293323
-0.000001  -0.000001  0.000001  21.107814  21.063159  20.870268  -0.514201  0.609495  0.564549
0.197036  0.130352  -0.154509  69.855133  68.379652  68.857041  1.298454  -1.539089  -1.397178
-0.000609  0.001243  -0.001473  35.563645  34.849071  34.514635  0.389081  -0.461187  0.978725
-0.188294  -0.126651  0.150123  69.324465  67.934970  68.408098  1.265919  -1.500526  -1.384697
0.000663  0.000938  -0.001112  35.496411  35.030667  34.743431  -0.498022  0.590318  0.840725
-0.080794  -0.179805  0.213127  62.653498  63.691709  64.497251  0.747886  -0.886488  -2.360957
-3.676874  -3.958775  4.692435  195.514173  182.045003  193.475732  26.588918  -31.516505  -33.455065
-0.000065  -0.005146  0.006100  39.853173  39.017969  38.707523  -0.001083  0.001284  0.908583
-0.000080  0.000030  -0.000035  31.019583  31.934587  31.905283  0.457668  -0.542485  0.085766
0.000007  0.000006  -0.000008  24.765440  24.698990  24.485394  -0.560068  0.663863  0.625153
-0.107566  -0.099263  0.117659  63.328544  62.936413  63.389413  0.908137  -1.076438  -1.326067
-1.152488  1.592025  -1.887067  105.140379  106.514306  110.654361  -6.953435  8.242079  -12.113749
0.054533  -0.067217  0.079674  57.684586  57.728136  58.065979  -0.496815  0.588887  -0.988119
1.214213  -2.304309  2.731354  111.285110  117.464223  123.646729  -7.610493  9.020906  -18.094006
-0.000214  0.000038  -0.000045  34.350657  35.583896  35.622606  0.253805  -0.300841  -0.113290
-0.000063  -0.000033  0.000039  29.964967  30.581134  30.492590  -0.549419  0.651240  0.259148
-1.342273  0.121842  -0.144422  108.394931  95.193348  95.392936  -0.731060  0.866544  -0.584137
-0.005198  -0.023219  0.027523  47.178802  46.919405  46.876467  -0.040262  0.047723  0.127378
0.509195  -0.283770  0.336359  83.344949  79.664825  80.337466  -2.279835  2.702345  -1.968661
-0.122658  -0.129782  0.153834  64.506409  64.338471  64.906651  1.040482  -1.233309  -1.663100
-0.000933  0.001417  -0.001680  36.845581  36.339986  36.055282  0.460618  -0.545982  0.833247
-0.041537  -0.049008  0.058090  55.704812  55.679678  55.923420  0.344366  -0.408185  -0.713113
-0.164093  0.141853  -0.168142  67.507126  66.801343  67.367831  -1.247599  1.478810  -1.658038
0.001421  0.008987  -0.010652  42.288628  41.624646  41.386947  -0.087843  0.104122  0.694327
0.001201  0.000188  -0.000223  39.451103  40.599613  40.652435  -0.201657  0.239028  -0.154589
0.004542  0.001372  -0.001626  45.060394  45.739529  45.776250  -0.265554  0.314768  -0.107476
-0.027372  0.009571  -0.011344  54.500642  54.293605  54.384442  -0.037756  0.044754  -0.265858
-0.121222  -0.099957  0.118481  64.547548  63.907606  64.348875  0.972893  -1.153194  -1.291531
0.000530  -0.000721  0.000854  34.731776  34.292970  34.006314  0.516323  -0.612010  0.839046
-0.001329  0.001623  -0.001923  38.205700  37.899189  37.664623  0.492183  -0.583397  0.686495
-0.018151  0.038029  -0.045076  51.296244  51.331656  51.460036  -0.089541  0.106135  -0.380406
-0.501123  0.274797  -0.325724  83.090215  79.400335  80.052955  -2.231192  2.644687  -1.910067
-0.000762  -0.000457  0.000542  36.761998  37.225310  37.125160  -0.553371  0.655925  0.293118
-0.032331  -0.011254  0.013340  55.623672  55.286845  55.387040  0.086985  -0.103105  -0.293247
-0.536406  0.459731  -0.544931  83.947630  82.009104  83.206081  -2.928238  3.470913  -3.503279
0.090317  -0.051965  0.061595  62.520114  61.567709  61.822844  -0.648794  0.769032  -0.746696
-0.002473  0.000037  -0.000044  42.613312  43.690024  43.763891  0.002737  -0.003244  -0.216187
0.017118  0.010309  -0.012220  50.763586  50.764350  50.807977  -0.097668  0.115768  -0.127690
-0.219851  0.322281  -0.382008  71.472401  72.207270  73.355624  -1.656011  1.962911  -3.360979
0.000000  -0.000000  0.000000  19.560691  19.618552  19.454302  0.494109  -0.585679  0.480728
0.000827  0.001391  -0.001649  36.467153  35.883016  35.580286  -0.436464  0.517352  0.886017
-0.324084  -0.088803  0.105261  77.394330  73.505222  73.745678  1.021221  -1.210479  -0.703758
0.000009  -0.000007  0.000008  25.529121  25.768136  25.612963  0.569483  -0.675023  0.454163
-0.000002  0.000001  -0.000001  23.655656  23.968617  23.835369  0.540930  -0.641178  0.389996
-1.798977  -0.402504  0.477098  119.514602  102.702010  103.174855  3.352719  -3.974061  -1.383912
2.565906  -4.575016  5.422881  170.745275  180.482029  195.094325  -20.436256  24.223602  -42.766741
0.000045  -0.000058  0.000068  28.460705  28.053425  27.762482  0.539347  -0.639301  0.851519
0.000691  -0.000275  0.000326  37.011694  37.851937  37.826302  0.456370  -0.540947  0.075025
0.000433  -0.001632  0.001935  35.831613  34.920698  34.550877  0.237464  -0.281472  1.082315
-0.035553  0.047887  -0.056762  54.708394  54.747392  54.977195  -0.285180  0.338031  -0.671395
-0.000170  -0.006292  0.007458  40.645649  39.856389  39.566873  -0.004492  0.005324  0.847244
0.023245  -0.061130  0.072459  53.693760  54.004943  54.281100  -0.197019  0.233532  -0.816130
-0.027003  -0.035158  0.041673  52.883788  52.851280  52.999282  0.158232  -0.187556  -0.432396
0.000987  -0.002965  0.003515  38.402552  37.620937  37.300594  0.259015  -0.307017  0.938190
-0.000649  0.000447  -0.000530  36.046456  36.361743  36.228391  0.576999  -0.683932  0.390299
-0.001010  -0.001116  0.001323  37.066989  36.847102  36.618453  -0.532730  0.631459  0.669199
-0.094928  -0.095915  0.113691  62.161898  61.949674  62.400022  0.831823  -0.985980  -1.318383
0.000668  -0.000847  0.001004  35.514146  35.147895  34.879860  0.525630  -0.623043  0.784517
-0.000001  0.000001  -0.000001  21.378095  21.335935  21.142181  0.518232  -0.614273  0.567078
-4.185994  -3.518192  4.170200  187.601246  165.474686  173.571734  23.486697  -27.839366  -23.698327
-0.006982  0.007079  -0.008391  45.342806  45.237787  45.148949  0.304158  -0.360526  0.260067
-0.010878  -0.014586  0.017289  47.508513  47.322118  47.277247  -0.152653  0.180944  0.131347
-0.003844  0.013127  -0.015559  44.437773  43.959005  43.800273  0.127680  -0.151342  0.464638
-0.153209  -0.041216  0.048854  68.597887  66.292384  66.470586  0.603088  -0.714855  -0.521547
-2.092655  -1.350803  1.601140  124.984680  112.821445  115.357931  8.822764  -10.457841  -7.423636
-0.004887  -0.001863  0.002208  45.163118  45.727923  45.746246  -0.298686  0.354040  -0.053624
0.001031  -0.004518  0.005355  39.676571  38.886514  38.580944  0.172932  -0.204981  0.893298
-0.000660  0.000467  -0.000553  36.053367  36.336699  36.197208  0.578703  -0.685951  0.408263
0.002061  -0.001830  0.002169  40.219969  40.229874  40.076651  0.497197  -0.589340  0.448462
-0.005229  0.002288  -0.002712  45.296444  45.775127  45.780724  0.315020  -0.373401  -0.016377
0.000063  0.000039  -0.000046  29.816546  30.244129  30.118133  -0.583730  0.691909  0.368763
0.068466  -0.589641  0.698916  73.808334  77.419537  79.449522  -0.420081  0.497932  -5.941540
-0.001178  -0.134461  0.159380  58.067535  59.193463  59.840530  0.000953  -0.001129  -1.893757
-0.049017  -0.076912  0.091166  57.208258  57.468924  57.851026  0.460908  -0.546326  -1.117447
-0.002846  -0.006979  0.008272  42.078927  41.506458  41.279597  -0.233643  0.276943  0.665610
-0.003171  0.000672  -0.000796  43.591741  44.475934  44.527462  0.229500  -0.272031  -0.150812
-0.001704  0.004664  -0.005528  40.268484  39.584530  39.307365  0.249134  -0.295305  0.812526
0.004114  0.000999  -0.001184  44.753419  45.527051  45.575735  -0.236025  0.279766  -0.142492
-0.376287  -0.381188  0.451832  78.046122  77.332491  78.470270  2.348144  -2.783313  -3.330051
0.000008  -0.000005  0.000006  25.696430  26.175241  26.067456  0.542739  -0.643323  0.315464
-0.000012  0.000010  -0.000011  25.835021  25.964369  25.786323  0.576476  -0.683312  0.521107
-0.122202  -0.017958  0.021286  66.746963  64.621881  64.748533  0.270939  -0.321151  -0.370682
-0.016700  0.159609  -0.189188  59.591874  60.900275  61.653948  -0.123222  0.146059  -2.202491
0.586715  0.869283  -1.030383  87.773764  89.181677  91.607848  3.688309  -4.371844  -7.101494
-2.096204  1.140598  -1.351979  125.271668  111.019124  112.979449  -7.902027  9.366469  -5.737407
-0.107293  -0.099989  0.118520  63.298209  62.923768  63.380262  0.908328  -1.076664  -1.336305
0.000001  -0.000001  0.000001  21.992481  22.186572  22.037153  0.527101  -0.624786  0.437328
-0.027733  -0.058004  0.068754  53.986477  54.230060  54.495966  0.232217  -0.275252  -0.784601
1.256828  -0.804885  0.954050  105.026107  97.688567  99.282236  -5.396439  6.396533  -4.664285
0.001211  -0.001723  0.002043  37.883072  37.444266  37.181661  0.461509  -0.547038  0.768519
0.012365  -0.006652  0.007885  49.139047  49.281602  49.307030  0.184302  -0.218458  -0.074422
0.000862  -0.000069  0.000082  38.403038  39.649168  39.711931  0.073635  -0.087281  -0.183688
0.000103  -0.000115  0.000136  30.683894  30.436221  30.175669  0.577518  -0.684546  0.762564
0.001735  -0.001551  0.001839  39.460901  39.465764  39.302725  0.514976  -0.610413  0.477184
0.002432  -0.000066  0.000078  42.530730  43.610680  43.684103  0.008584  -0.010174  -0.214889
0.000032  -0.000034  0.000040  27.516643  27.321500  27.074500  0.571513  -0.677429  0.722908
1.756947  -1.468686  1.740870  117.533955  110.606506  113.771240  -8.634420  10.234593  -9.262596
0.004379  -0.000168  0.000199  45.359759  46.242794  46.320365  0.013823  -0.016385  -0.227027
0.038342  0.619853  -0.734728  74.352237  78.174991  80.292891  0.146397  -0.173528  -6.198670
0.000075  -0.000057  0.000068  30.211066  30.404160  30.231276  0.603761  -0.715653  0.505999
-0.000021  -0.000017  0.000020  26.844811  26.991479  26.814113  -0.585284  0.693751  0.519116
4.801405  -2.992350  3.546907  208.335858  169.145635  175.244369  -23.733269  28.131634  -17.849574
-0.049329  -0.046972  0.055677  57.002591  56.816209  57.057981  0.406311  -0.481611  -0.707957
0.002801  0.001068  -0.001266  42.600454  43.297427  43.301092  -0.360562  0.427383  -0.010726
0.029715  0.387285  -0.459059  68.264074  70.936892  72.424232  0.148310  -0.175796  -4.353445
0.007291  0.000088  -0.000104  47.791181  48.466508  48.548543  -0.001159  0.001373  -0.240092
0.001656  -0.000963  0.001141  39.716531  40.168647  40.092056  0.500710  -0.593504  0.224164
-0.146631  -0.105999  0.125643  66.583858  65.573169  66.010883  1.082062  -1.282595  -1.281025
-0.608233  0.214584  -0.254352  87.302665  81.700646  82.118111  -1.868757  2.215084  -1.221826
-0.003798  0.000484  -0.000574  44.598508  45.495910  45.564434  0.117540  -0.139322  -0.200552
-0.001808  -0.002555  0.003029  39.531902  39.126496  38.888443  -0.429632  0.509253  0.696557
0.000810  -0.000930  0.001102  36.221405  35.957670  35.714097  0.538138  -0.637868  0.712884
0.001384  0.001526  -0.001809  38.377265  38.167404  37.952701  -0.509255  0.603632  0.628386
0.944140  -4.624545  5.481588  137.501015  160.314526  174.378449  -7.067951  8.377818  -41.161779
-0.113149  0.027816  -0.032971  65.743654  63.886943  64.038243  -0.441879  0.523771  -0.442812
0.007948  -0.002897  0.003433  47.484090  47.918636  47.955486  0.225641  -0.267458  -0.107848
-0.065762  0.389423  -0.461593  68.665405  71.243210  72.725895  -0.529560  0.627701  -4.340290
-0.075466  0.046031  -0.054561  60.920150  60.166583  60.404060  -0.560315  0.664155  -0.694985
0.424480  -0.399152  0.473125  79.900109  78.745107  79.880536  -2.519560  2.986497  -3.323168
-0.000796  0.000448  -0.000531  37.002947  37.531470  37.445554  0.539857  -0.639906  0.251457
0.029636  -0.041108  0.048726  53.531262  53.546023  53.730246  -0.207169  0.245562  -0.538033
0.000019  0.000017  -0.000021  26.475799  26.446172  26.234583  -0.578757  0.686015  0.619280
-0.000285  0.000452  -0.000535  32.907282  32.324186  32.001495  0.486172  -0.576272  0.944475
1.756444  0.850901  -1.008595  117.684754  104.712160  106.119151  6.136838  -7.274147  -4.117986
2.577360  0.541341  -0.641665  137.062932  113.054185  113.616409  4.428845  -5.249620  -1.645447
0.000089  0.000084  -0.000099  30.500101  30.444959  30.222624  -0.599001  0.710011  0.650713
0.329945  0.888924  -1.053664  82.801487  86.728434  89.449370  2.292167  -2.716963  -7.963607
0.021394  0.671455  -0.795892  75.479495  79.575424  81.834287  0.045034  -0.053380  -6.611168
0.113857  -0.097619  0.115711  63.917708  63.376826  63.815913  -0.934433  1.107606  -1.285215
-3.880869  -2.549046  3.021448  254.479449  200.502693  208.495465  31.134790  -36.904840  -23.391331
-0.000140  -0.000044  0.000052  32.901740  33.929127  33.923750  -0.412937  0.489464  0.015739
-0.000650  0.000233  -0.000276  36.940328  37.855210  37.843579  0.429426  -0.509009  0.034042
-0.633701  -0.155419  0.184222  88.483845  82.103463  82.388914  1.457083  -1.727116  -0.835454
4.497909  2.566906  -3.042617  181.338848  149.353107  153.709561  17.882354  -21.196399  -12.749592
-0.000050  -0.000025  0.000030  29.343724  30.000696  29.920735  -0.535539  0.634788  0.234026
0.000001  -0.000000  0.000001  21.389814  21.536749  21.380843  0.520396  -0.616838  0.456312
0.000775  0.001196  -0.001418  36.119993  35.592107  35.297369  -0.466301  0.552718  0.862640
0.080664  0.004273  -0.005065  63.215343  61.686423  61.792449  0.034065  -0.040378  -0.310314
-0.000952  0.000802  -0.000951  37.054834  37.130932  36.958576  0.565593  -0.670411  0.504440
-0.088121  -0.001947  0.002308  63.980549  62.310493  62.416337  0.007090  -0.008404  -0.309781
1.970906  1.997939  -2.368207  123.052585  118.622916  123.159772  10.367148  -12.288439  -13.278344
0.000585  0.000303  -0.000359  36.170321  36.795017  36.722368  -0.531329  0.629797  0.212624
-0.139997  0.033282  -0.039450  67.801886  65.585913  65.745647  -0.510078  0.604608  -0.467498
0.042321  -0.018037  0.021379  57.216295  56.697711  56.822594  -0.201502  0.238846  -0.365515
0.044073  0.009191  -0.010894  58.239469  57.557288  57.663217  0.124529  -0.147607  -0.310040
0.001202  -0.000175  0.000207  39.471785  40.630933  40.685976  0.182554  -0.216385  -0.161089
-0.000001  -0.000001  0.000001  21.444108  21.560519  21.398224  -0.521977  0.618712  0.475013
-0.035891  -0.008136  0.009644  56.728437  56.264186  56.364560  0.085135  -0.100913  -0.293780
2.215226  -0.300766  0.356506  129.439715  107.907582  108.227555  -2.270254  2.690989  -0.936490
1.478630  0.474329  -0.562234  111.324407  98.462700  99.120960  3.730874  -4.422298  -1.926590
0.175794  0.140291  -0.166290  68.323614  67.386500  67.931279  1.282613  -1.520313  -1.594436
0.000967  -0.000847  0.001004  37.065899  37.097343  36.916545  0.563012  -0.667352  0.529145
0.000712  -0.000622  0.000737  36.004010  36.040329  35.852852  0.578163  -0.685311  0.548688
0.000022  0.000016  -0.000019  27.063917  27.335684  27.182743  -0.581796  0.689618  0.447629
0.035191  -0.110801  0.131335  57.578720  58.369521  58.908137  -0.352963  0.418375  -1.579607
-0.005588  -0.002873  0.003406  45.359939  45.731298  45.719608  -0.332055  0.393593  0.034219
0.000020  0.000016  -0.000019  26.700772  26.809175  26.624535  -0.584412  0.692718  0.540405
1.439229  -1.859314  2.203891  112.137927  112.605209  117.268281  -8.398939  9.955471  -13.646284
-0.000007  -0.000006  0.000007  25.079578  25.227712  25.055894  -0.568419  0.673761  0.502881
0.037660  -0.038645  0.045807  55.065371  54.950321  55.141307  -0.276512  0.327756  -0.559280
-0.070617  -0.103878  0.123130  59.950703  60.266966  60.769896  0.668369  -0.792234  -1.470755
-0.001392  0.001667  -0.001976  38.400113  38.112981  37.884027  0.492481  -0.583750  0.670073
-0.110543  -0.072285  0.085681  64.059785  63.103068  63.432263  0.827352  -0.980681  -0.963395
-0.000118  0.000050  -0.000059  32.173060  32.996051  32.949124  0.495247  -0.587029  0.137344
-0.000081  -0.000054  0.000064  30.580637  30.939393  30.799408  -0.594590  0.704782  0.409710
0.519733  0.305998  -0.362707  83.626812  80.086809  80.817601  2.391905  -2.835184  -2.138852
0.982019  1.515736  -1.796639  101.346033  103.917513  107.988415  6.115340  -7.248664  -11.910477
0.081278  0.065998  -0.078229  61.034823  60.555532  60.880652  0.679535  -0.805470  -0.951575
1.295621  -0.074643  0.088476  107.232446  94.393044  94.567998  -0.317163  0.375941  -0.512045
0.555403  0.053943  -0.063940  86.363005  80.084068  80.241768  0.402312  -0.476871  -0.461552
0.244204  -1.058743  1.254954  84.375193  89.842259  93.106731  -1.782150  2.112427  -9.554160
0.003530  0.005750  -0.006816  42.314002  41.893723  41.695345  -0.320390  0.379766  0.580568
0.020432  0.025040  -0.029680  51.125143  51.034442  51.108988  0.037083  -0.043956  -0.217915
0.000570  -0.000904  0.001072  35.020363  34.456893  34.147876  0.470667  -0.557894  0.904439
0.000770  -0.000223  0.000264  37.650653  38.671827  38.685571  0.370341  -0.438973  -0.040222
1.902224  1.228237  -1.455860  120.751857  109.659737  111.996075  8.089546  -9.588740  -6.837795
0.005211  -0.003595  0.004262  44.561210  44.742045  44.684185  0.372997  -0.442122  0.169319
-0.009041  -0.001167  0.001383  48.737753  49.282336  49.359801  -0.076938  0.091196  -0.226727
0.000133  -0.000091  0.000108  31.899842  32.229131  32.083933  0.599274  -0.710334  0.424966
0.208199  4.933060  -5.847279  142.933951  170.804164  186.918776  0.554349  -0.657084  -47.163667
-0.004413  -0.003890  0.004611  43.462561  43.462560  43.355043  -0.398143  0.471929  0.314709
0.007913  -0.003512  0.004162  47.202201  47.561895  47.581486  0.254440  -0.301594  -0.057330
-0.001800  0.001157  -0.001371  39.962985  40.309577  40.215878  0.506279  -0.600105  0.274233
-0.007194  0.003526  -0.004179  46.599479  46.938725  46.943853  0.284421  -0.337131  -0.015004
-0.000437  -0.000091  0.000108  36.179519  37.351592  37.385680  -0.295350  0.350085  -0.099759
0.000594  0.000803  -0.000951  35.109873  34.680676  34.398038  -0.514343  0.609664  0.827277
-0.051899  -0.010546  0.012501  59.456277  58.588948  58.699542  0.159286  -0.188806  -0.323689
-0.000323  -0.000409  0.000485  33.297324  32.916660  32.634829  -0.544780  0.645741  0.824911
-0.705079  -0.679433  0.805349  89.700077  87.954124  89.658500  3.859585  -4.574862  -4.988143
0.054432  0.017675  -0.020950  59.419001  58.592070  58.721071  0.249626  -0.295888  -0.377555
0.012753  0.003791  -0.004494  50.092879  50.377642  50.440885  -0.128346  0.152131  -0.185104
-0.001170  0.000641  -0.000760  38.393215  38.928552  38.854910  0.515281  -0.610775  0.215532
-0.000489  0.000138  -0.000163  36.317780  37.377614  37.390506  0.373031  -0.442163  -0.037730
0.044937  -0.224274  0.265837  62.974573  64.645847  65.632084  -0.426184  0.505166  -2.884744
-0.000335  -0.000553  0.000656  33.373384  32.764077  32.437949  -0.471969  0.559437  0.954485
-0.077637  0.235302  -0.278910  64.252478  65.790060  66.796778  -0.712373  0.844394  -2.947191
-0.000453  -0.000638  0.000757  34.241881  33.768330  33.472418  -0.511567  0.606374  0.866145
0.001195  -0.000123  0.000146  39.505161  40.698519  40.760404  0.109151  -0.129379  -0.181116
-3.487137  2.864581  -3.395459  244.484068  204.639873  215.002443  -32.612587  38.656510  -30.327922
-0.000230  0.000281  -0.000333  32.455913  32.110700  31.833297  0.557251  -0.660523  0.811926
-5.349699  -1.136934  1.347636  201.629532  148.333804  149.373242  9.551850  -11.322045  -3.045274
-0.143088  0.053234  -0.063099  67.516108  65.571139  65.794159  -0.720827  0.854414  -0.652730
-0.003800  -0.005917  0.007014  42.589338  42.199365  42.010981  -0.322648  0.382443  0.551178
0.010340  0.000638  -0.000757  49.500319  49.994625  50.078030  -0.020169  0.023906  -0.244106
0.127602  -0.733754  0.869736  77.411195  81.580382  83.982797  -0.921793  1.092624  -7.031201
-0.014132  0.045447  -0.053870  51.423990  51.559966  51.725009  -0.087330  0.103514  -0.485314
0.001119  0.001068  -0.001266  37.547433  37.483032  37.287984  -0.546788  0.648121  0.570854
-0.000032  0.000038  -0.000046  27.522843  27.203143  26.931294  0.552049  -0.654357  0.795622
0.163767  -0.020586  0.024401  69.703414  67.014954  67.144582  -0.270859  0.321056  -0.379389
-0.000081  -0.000069  0.000081  30.353562  30.421019  30.223086  -0.604473  0.716496  0.579303
-0.004804  0.003236  -0.003836  44.241322  44.449819  44.391166  0.384841  -0.456161  0.171642
-0.000681  0.000759  -0.000900  35.623072  35.385054  35.142340  0.551291  -0.653459  0.710364
0.000061  0.000048  -0.000057  29.531666  29.678164  29.496392  -0.602084  0.713665  0.532008
0.000068  0.000054  -0.000064  29.858831  30.000205  29.817183  -0.603443  0.715277  0.535668
-0.003517  0.002477  -0.002937  42.814967  43.018730  42.936312  0.433049  -0.513304  0.241199
0.000898  -0.000218  0.000258  38.267424  39.346187  39.375636  0.321849  -0.381495  -0.086186
-0.009635  0.005296  -0.006277  47.821315  48.027836  48.035643  0.242032  -0.286886  -0.022849
-0.032615  -0.810962  0.961254  78.460951  83.245286  85.882364  0.082825  -0.098175  -7.718050
0.018727  0.064463  -0.076410  53.546110  53.918545  54.210788  0.164656  -0.195170  -0.855966
0.000438  -0.000305  0.000361  34.875634  35.183524  35.042470  0.589030  -0.698192  0.412839
0.030428  -0.057311  0.067932  54.284622  54.497942  54.765262  -0.256791  0.304381  -0.785911
0.004762  0.004680  -0.005548  43.660532  43.574764  43.456262  -0.376895  0.446742  0.346894
-0.038864  -0.015488  0.018359  56.716796  56.250492  56.365814  0.160759  -0.190552  -0.337528
0.019121  0.027408  -0.032488  50.828939  50.752591  50.829091  0.040010  -0.047425  -0.223190
0.029636  0.156796  -0.185855  59.720309  60.959636  61.700727  0.292730  -0.346981  -2.164056
0.010015  0.003527  -0.004181  48.662083  49.020013  49.066822  -0.185132  0.219441  -0.136997
0.004954  -0.012615  0.014953  44.681668  44.248536  44.101513  0.158348  -0.187694  0.430983
0.085872  0.028149  -0.033366  63.020573  61.681193  61.841273  0.425841  -0.504759  -0.468512
0.115701  0.016610  -0.019688  66.242155  64.205538  64.329943  0.250810  -0.297292  -0.364105
-0.010816  -0.008956  0.010616  47.729950  47.715987  47.691858  -0.221065  0.262034  0.070620
0.060777  -0.041581  0.049287  59.014648  58.496043  58.717705  -0.464996  0.551171  -0.648653
-0.015090  0.006155  -0.007296  50.651976  50.793470  50.848649  0.119129  -0.141206  -0.161491
-2.837005  -1.322630  1.567746  141.083199  120.156078  122.141115  9.234995  -10.946469  -5.809798
0.133491  0.066883  -0.079279  66.332324  64.818366  65.102479  0.836179  -0.991143  -0.831552
0.000944  0.000053  -0.000063  38.722202  39.969456  40.034957  -0.039524  0.046849  -0.191702
-0.002988  -0.000103  0.000122  43.523866  44.540227  44.614981  -0.012919  0.015313  -0.218784
0.066080  0.371001  -0.439757  68.144150  70.618636  72.048920  0.547212  -0.648624  -4.186871
-0.001831  -0.001254  0.001487  39.963682  40.243941  40.137861  -0.510216  0.604771  0.310467
0.055304  -1.941628  2.301460  96.685083  107.244526  113.070894  -0.096435  0.114307  -17.052751
0.000236  -0.000123  0.000146  33.728711  34.361308  34.279687  0.548872  -0.650591  0.238884
2.015088  -0.682144  0.808563  281.012999  211.564364  213.571434  -13.357161  15.832575  -5.874221
-0.000568  0.000613  -0.000726  35.055629  34.850493  34.610723  0.563563  -0.668005  0.701734
0.006899  0.001598  -0.001894  47.201831  47.805259  47.864904  -0.179750  0.213061  -0.174574
0.081233  -0.000198  0.000235  63.297053  61.749325  61.853924  -0.000084  0.000100  -0.306135
0.004293  0.000151  -0.000179  45.266147  46.157187  46.234729  -0.011807  0.013995  -0.226945
-0.001772  -0.035871  0.042519  49.245100  49.215123  49.284201  0.001513  -0.001793  -0.201125
-0.002341  -0.000300  0.000356  42.270420  43.315018  43.378617  -0.136529  0.161831  -0.186133
0.007464  -0.002675  0.003171  47.202779  47.664725  47.700906  0.232414  -0.275486  -0.105893
3.962527  3.245094  -3.846491  229.438602  194.275152  204.132300  30.593080  -36.262738  -28.849618
0.000095  -0.000054  0.000064  31.251697  31.800297  31.698174  0.568843  -0.674263  0.298891
0.001858  -0.004924  0.005837  40.530631  39.866184  39.596575  0.250721  -0.297186  0.790551
0.007653  -0.002003  0.002374  47.616780  48.155342  48.211570  0.185822  -0.220259  -0.164574
-0.000080  0.000073  -0.000087  30.242956  30.216044  29.999351  0.600269  -0.711514  0.634202
-0.000675  -0.001183  0.001402  35.723425  35.100165  34.784313  -0.433311  0.513614  0.924386
0.490375  -0.302383  0.358422  82.541044  79.330815  80.078667  -2.353736  2.789942  -2.188779
0.139012  -2.108314  2.499036  99.033783  110.305513  116.574144  -0.503527  0.596843  -18.347053
-1.951355  0.270048  -0.320095  123.366502  104.374983  104.678037  -2.061792  2.443893  -0.886961
-0.008068  0.016239  -0.019249  46.531323  46.240556  46.161861  0.129508  -0.153509  0.230056
-0.020217  0.007742  -0.009176  52.451582  52.445929  52.518871  0.044988  -0.053326  -0.213480
2.490486  1.344752  -1.593968  133.703507  116.840710  119.082003  9.178235  -10.879190  -6.559735
0.000167  -0.000045  0.000054  33.507652  34.609873  34.620489  0.372728  -0.441804  -0.031069
-0.026627  -0.602999  0.714750  73.921702  77.675240  79.749294  0.076505  -0.090683  -6.070328
-0.001146  -0.001960  0.002323  37.840522  37.272114  36.984863  -0.411052  0.487230  0.840773
-0.264050  0.016446  -0.019494  75.260651  71.420999  71.547656  -0.115432  0.136824  -0.370697
0.000182  0.000172  -0.000204  32.173539  32.108371  31.885504  -0.598366  0.709258  0.652261
-1.184755  -1.010826  1.198158  103.356808  98.965768  101.244842  5.983728  -7.092662  -6.670374
-0.002062  -0.001652  0.001959  40.321949  40.435515  40.302653  -0.501590  0.594548  0.388852
0.000747  -0.000106  0.000126  37.867015  39.080937  39.133503  0.184114  -0.218234  -0.153843
0.000003  -0.000002  0.000002  24.407657  24.802765  24.682874  0.540609  -0.640798  0.350898
-0.007394  -0.012873  0.015259  45.774874  45.466721  45.362569  -0.184123  0.218245  0.304924
-0.000039  -0.000020  0.000024  28.645753  29.269009  29.183155  -0.539530  0.639518  0.251277
-0.001433  -0.002050  0.002430  38.587184  38.155257  37.901261  -0.446559  0.529318  0.743276
0.360480  0.215948  -0.255968  77.705311  75.077122  75.679243  1.871323  -2.218125  -1.762266
0.003346  0.001000  -0.001186  43.647349  44.415782  44.447057  -0.293734  0.348170  -0.091537
0.322998  0.112747  -0.133642  77.058090  73.473943  73.778177  1.213619  -1.438533  -0.890419
0.001500  -0.001685  0.001998  38.723071  38.498221  38.284300  0.498714  -0.591138  0.626096
-0.001909  0.023527  -0.027887  46.914578  46.632958  46.581201  0.009459  -0.011211  0.152570
3.010429  -3.531601  4.186095  221.205558  206.365109  220.430202  -31.205731  36.988929  -41.165405
-0.761418  0.136205  -0.161448  92.537167  84.846532  85.081257  -1.222824  1.449444  -0.686989
4.210271  -2.676537  3.172565  248.249672  195.199957  202.714069  -29.946223  35.496003  -21.990927
-0.040962  -1.220197  1.446329  85.937308  92.820049  96.601778  0.085698  -0.101580  -11.068211
-0.000140  0.000041  -0.000049  32.950396  34.014345  34.016299  0.394848  -0.468023  -0.005718
0.006208  0.000737  -0.000873  46.931943  47.650537  47.725045  -0.085768  0.101662  -0.218071
0.000212  0.000137  -0.000163  33.127429  33.521958  33.391814  -0.591368  0.700963  0.380907
-0.051511  -0.012596  0.014931  59.278485  58.446625  58.561569  0.186290  -0.220814  -0.336416
0.000243  -0.000039  0.000046  34.714204  35.962986  36.005919  0.226674  -0.268681  -0.125650
0.000008  0.000005  -0.000006  25.457041  25.836788  25.709986  -0.555462  0.658403  0.371126
-0.000705  -0.001554  0.001842  36.296634  35.558519  35.225252  -0.358580  0.425034  0.975534
0.002249  -0.001496  0.001773  40.928303  41.223167  41.131214  0.485598  -0.575591  0.269115
0.863349  -0.180312  0.213729  95.381571  86.993450  87.276097  -1.592715  1.887885  -0.827240
-0.000002  -0.000001  0.000001  23.524753  23.805420  23.666264  -0.542318  0.642823  0.407288
0.006813  0.273352  -0.324011  64.408833  66.492137  67.647124  0.013737  -0.016283  -3.380343
3.519082  3.890071  -4.610998  170.818604  162.709007  172.493358  21.653009  -25.665850  -28.636427
0.171607  1.206467  -1.430055  86.199187  92.766377  96.484022  1.097768  -1.301211  -10.880645
0.142081  -0.689120  0.816832  76.652946  80.521786  82.794960  -1.072167  1.270866  -6.653031
0.037323  0.002384  -0.002826  57.321963  56.782926  56.879616  0.014722  -0.017450  -0.282992
-0.132268  0.144630  -0.171433  65.247764  65.138648  65.757120  -1.110338  1.316112  -1.810208
0.107562  0.076291  -0.090429  63.668380  62.851320  63.201440  0.836115  -0.991068  -1.024625
-0.588148  0.066431  -0.078743  87.395454  80.888265  81.056115  -0.534079  0.633058  -0.491258
0.022147  -0.356272  0.422299  67.276733  69.800282  71.201166  -0.095147  0.112780  -4.100269
-0.000118  -0.000041  0.000049  32.347490  33.316612  33.298895  -0.438768  0.520083  0.051853
-1.579631  0.828727  -0.982310  113.333439  102.268942  103.717135  -5.883646  6.974031  -4.238544
0.281957  0.629612  -0.746295  77.881578  80.453147  82.460603  1.980648  -2.347711  -5.875272
0.015088  0.032350  -0.038345  50.255686  50.217677  50.297890  0.039285  -0.046565  -0.238868
3.359247  -1.982278  2.349643  151.570145  130.532727  133.859574  -12.832364  15.210521  -9.736890
0.000038  -0.000025  0.000029  28.351436  28.723373  28.587892  0.582391  -0.690323  0.396525
0.042836  -0.098303  0.116522  57.452776  58.046605  58.525833  -0.415266  0.492226  -1.410536
-0.000021  0.000022  -0.000026  26.473613  26.246305  25.995293  0.559370  -0.663035  0.734650
0.000286  -0.000074  0.000087  34.934846  36.049832  36.067193  0.356780  -0.422900  -0.050811
-0.692810  2.387218  -2.829629  105.753807  116.361403  123.168127  -4.785924  5.672874  -19.922010
0.000115  0.000113  -0.000134  31.051986  30.938227  30.704418  -0.594752  0.704975  0.684288
-0.340567  0.026291  -0.031163  78.612747  74.077128  74.212857  -0.198870  0.235726  -0.397246
-0.000714  0.000886  -0.001050  35.748411  35.404164  35.141887  0.527678  -0.625470  0.767653
-0.236762  -0.190221  0.225474  71.711876  70.550164  71.210257  1.590262  -1.884977  -1.931936
3.036702  4.020352  -4.765423  159.425328  159.128151  169.589362  19.306937  -22.884993  -30.617464
-4.635284  2.125997  -2.519997  260.589551  191.212909  195.978915  -25.591255  30.333950  -13.949045
0.004348  -0.034893  0.041360  49.195986  49.152558  49.217192  -0.006346  0.007523  -0.185083
-0.001304  0.001268  -0.001503  38.166322  38.083506  37.890622  0.533174  -0.631985  0.564525
-1.995079  -0.292039  0.346161  124.372608  105.014441  105.336365  2.280791  -2.703479  -0.942192
-0.113310  0.065363  -0.077476  64.520915  63.368825  63.664647  -0.794625  0.941888  -0.865780
0.000365  -0.002016  0.002389  36.472785  35.531984  35.161661  0.156058  -0.184980  1.083333
-0.424760  -0.175419  0.207928  80.817593  76.816783  77.235726  1.637738  -1.941252  -1.226152
0.000001  0.000001  -0.000001  21.131475  21.179980  21.005642  -0.517663  0.613599  0.510254
0.043879  -0.045820  0.054311  56.107895  55.998854  56.230603  -0.356521  0.422593  -0.678595
-0.178477  0.059242  -0.070222  69.955616  67.543611  67.766770  -0.784227  0.929564  -0.653129
0.695386  -1.081789  1.282271  92.092837  94.113968  97.094861  -4.375362  5.186225  -8.724444
-0.016089  -0.009121  0.010811  50.504661  50.541780  50.583110  -0.116360  0.137925  -0.120965
0.000979  -0.001791  0.002123  37.289954  36.669280  36.366882  0.399876  -0.473983  0.885179
-0.000442  -0.000640  0.000759  34.165174  33.666464  33.365307  -0.504477  0.597969  0.881494
0.000001  0.000001  -0.000002  23.107279  23.063434  22.861076  -0.541828  0.642242  0.592261
0.930099  1.877806  -2.225810  103.463383  109.246625  114.452742  5.993780  -7.104576  -15.234751
0.606869  -0.873006  1.034796  88.282777  89.503316  91.920274  -3.783747  4.484969  -7.074442
-0.000186  0.000061  -0.000072  33.662418  34.669650  34.661830  0.420828  -0.498818  0.022888
-0.000910  0.002782  -0.003298  38.136451  37.340910  37.014868  0.258651  -0.306586  0.954754
-0.867401  0.741328  -0.878714  94.436163  91.302121  93.034882  -4.433292  5.254892  -5.071310
-3.760261  -3.635598  4.309365  214.637656  191.732548  202.990036  29.538779  -35.013049  -32.948029
-0.030298  0.053553  -0.063477  54.088969  54.255246  54.503235  -0.248014  0.293977  -0.727434
0.004709  -0.000026  0.000031  45.711693  46.570827  46.649696  0.000315  -0.000374  -0.230827
0.068566  0.143922  -0.170594  60.888651  61.703666  62.376054  0.652496  -0.773419  -1.972321
0.159867  -0.280483  0.332463  68.436968  69.512673  70.595997  -1.300967  1.542068  -3.170587
0.001307  -0.000522  0.000619  39.204294  39.993378  39.975395  0.431295  -0.511225  0.052631
-0.007865  -0.000099  0.000117  48.159453  48.799159  48.881755  -0.001189  0.001409  -0.241735
0.371452  0.132020  -0.156487  79.009930  75.094213  75.424789  1.345990  -1.595435  -0.967517
-0.003439  -0.001133  0.001343  43.696422  44.418350  44.441920  -0.309842  0.367264  -0.068982
0.000924  -0.001205  0.001429  36.712284  36.330574  36.068277  0.502687  -0.595847  0.767695
0.046066  -0.067690  0.080235  56.628226  56.803203  57.140167  -0.422797  0.501152  -0.984792
0.000001  -0.000001  0.000001  22.106437  22.015226  21.808037  0.525288  -0.622637  0.606396
0.349118  0.113779  -0.134865  78.233091  74.352321  74.645492  1.215870  -1.441201  -0.858040
-0.018428  0.000625  -0.000740  52.697989  52.821668  52.910949  0.002540  -0.003011  -0.261302
-0.000496  0.000269  -0.000318  35.619865  36.202786  36.118985  0.546537  -0.647824  0.245265
-0.000672  -0.001853  0.002196  36.661071  35.847690  35.503362  -0.297677  0.352844  1.008103
0.056367  0.002048  -0.002427  60.371593  59.335956  59.436914  0.011058  -0.013108  -0.295478
0.220153  -0.446300  0.529011  73.345493  75.154354  76.685651  -1.630706  1.932916  -4.481066
0.000071  -0.000052  0.000062  30.099495  30.338041  30.174250  0.601695  -0.713204  0.479383
5.634879  -0.757169  0.897491  212.412698  152.088358  152.693357  -6.177402  7.322228  -1.770263
0.065879  -0.063631  0.075423  59.158321  58.943194  59.264092  -0.577335  0.684329  -0.939577
0.646227  -0.646025  0.765749  87.878501  86.524316  88.187093  -3.620478  4.291443  -4.866424
0.001357  0.001010  -0.001197  38.570534  38.777769  38.643491  -0.541763  0.642165  0.392999
-0.024428  -0.349792  0.414617  67.085571  69.571097  70.953040  0.115878  -0.137353  -4.044862
-0.000189  0.000093  -0.000110  33.259620  33.948617  33.876932  0.536048  -0.635390  0.209803
0.000702  -0.003344  0.003964  38.484962  37.632368  37.299447  0.170023  -0.201533  0.973350
0.000049  0.000054  -0.000064  28.695547  28.442213  28.181642  -0.570276  0.675962  0.762620
0.041419  0.375040  -0.444545  67.984715  70.566840  72.017036  0.270463  -0.320587  -4.244936
0.001254  0.002339  -0.002773  38.328374  37.721708  37.432615  -0.377826  0.447846  0.846433
0.004616  0.000397  -0.000470  45.573208  46.422565  46.497508  -0.058157  0.068934  -0.219337
-0.001129  0.000317  -0.000376  38.968893  39.968387  39.988412  0.350911  -0.415943  -0.058607
0.064950  1.103116  -1.307551  83.994210  90.242660  93.689170  0.224014  -0.265530  -10.087051
-0.128849  -0.022418  0.026572  67.185154  65.004272  65.139353  0.350547  -0.415512  -0.395347
0.045364  -0.021282  0.025226  57.555201  57.012767  57.149578  -0.245082  0.290502  -0.400432
0.001984  0.000049  -0.000057  41.595825  42.728601  42.800598  -0.007362  0.008727  -0.210715
-0.000808  0.000929  -0.001101  36.208734  35.942721  35.698621  0.537880  -0.637563  0.714426
-0.000160  0.000047  -0.000056  33.326349  34.387005  34.389005  0.396096  -0.469502  -0.005853
-0.041059  0.005245  -0.006217  57.914233  57.280826  57.380544  -0.058672  0.069545  -0.291859
-0.000006  0.000003  -0.000004  25.105012  25.539144  25.424441  0.543414  -0.644122  0.335715
-0.856051  0.710314  -0.841952  94.062961  90.754028  92.401401  -4.319447  5.119948  -4.821435
0.235928  -0.020078  0.023798  73.852832  70.317947  70.446810  -0.185591  0.219986  -0.377150
-0.082405  0.078202  -0.092694  60.981795  60.703192  61.083406  -0.720375  0.853878  -1.113141
-0.183341  -0.447204  0.530082  72.381799  74.539997  76.109239  1.394149  -1.652520  -4.591995
-0.061587  -0.048487  0.057473  58.878882  58.475633  58.727986  0.500742  -0.593542  -0.738555
2.807965  1.009700  -1.196822  287.734921  209.634965  212.450936  18.446086  -21.864605  -8.241682
-0.000003  -0.000002  0.000003  23.998401  24.159362  23.994219  -0.555558  0.658517  0.483346
0.000626  -0.003348  0.003968  38.435396  37.570193  37.234307  0.149084  -0.176714  0.981880
-0.006143  0.084078  -0.099660  54.620768  55.255061  55.654635  -0.033223  0.039380  -1.166128
-0.004775  -0.057804  0.068517  52.152347  52.465503  52.704542  0.023013  -0.027278  -0.695906
-2.769393  4.084204  -4.841108  154.222076  157.729814  168.570657  -17.934454  21.258154  -31.728602
-2.386385  0.061639  -0.073062  133.420603  109.746827  109.938165  -0.128449  0.152253  -0.560003
-3.664553  0.339705  -0.402660  159.388990  124.617604  124.930102  -2.005417  2.377071  -0.914562
-0.000049  -0.000054  0.000064  28.717119  28.477502  28.219638  -0.572461  0.678552  0.754698
-0.002129  -0.000995  0.001180  41.103298  41.714411  41.683176  -0.433858  0.514263  0.091419
0.000752  0.000102  -0.000121  37.898486  39.117755  39.171581  -0.172241  0.204161  -0.157529
1.428778  -0.198736  0.235566  110.525944  96.686613  96.944775  -1.523230  1.805523  -0.755561
4.622613  2.586604  -3.065966  245.162013  188.596820  194.748422  27.358768  -32.429028  -18.004320
0.005795  0.037146  -0.044030  49.631358  49.630610  49.717453  0.015689  -0.018597  -0.248877
0.117987  -0.152308  0.180534  64.295844  64.528359  65.194726  -1.033140  1.224607  -1.949817
-0.168516  0.651775  -0.772565  76.229246  79.757681  81.913625  -1.283651  1.521543  -6.309975
1.370191  -2.904328  3.442573  118.465616  127.260719  135.007512  -8.589881  10.181799  -22.673174
1.229771  0.361673  -0.428700  105.009719  94.086655  94.597102  2.920152  -3.461329  -1.493942
-0.000002  0.000001  -0.000002  23.555968  23.704772  23.539050  0.550351  -0.652345  0.485039
-0.058553  0.444542  -0.526927  70.105946  73.003153  74.641815  -0.408902  0.484682  -4.796687
0.035517  0.027184  -0.032222  55.004125  54.769007  54.911334  0.208449  -0.247080  -0.416523
0.045162  0.044765  -0.053061  56.341725  56.194559  56.422941  0.364488  -0.432036  -0.668784
0.021529  -0.002192  0.002599  53.583491  53.579128  53.668720  0.008528  -0.010109  -0.262223
0.001258  0.000345  -0.000409  39.379421  40.375677  40.398775  -0.341244  0.404485  -0.067599
1.011264  1.039152  -1.231733  99.129137  97.154691  99.687119  5.563911  -6.595042  -7.411778
-0.238808  -0.631404  0.748418  77.019945  79.958517  82.008195  1.721114  -2.040079  -5.998847
0.269929  0.233764  -0.277086  73.294110  72.248986  73.025204  1.781569  -2.111739  -2.271804
-0.000087  0.000048  -0.000057  30.980921  31.553757  31.456381  0.563231  -0.667612  0.284997
0.062562  -0.039378  0.046675  59.389066  58.787168  58.999138  -0.462503  0.548216  -0.620317
-0.057702  0.006286  -0.007452  60.469411  59.423712  59.528427  -0.080681  0.095633  -0.306481
-0.000398  -0.000515  0.000610  33.872784  33.475188  33.192312  -0.536203  0.635575  0.827978
0.129139  -0.365349  0.433057  69.243631  71.293845  72.669965  -1.056084  1.251803  -4.026977
-0.004549  0.000079  -0.000093  45.547112  46.418721  46.497196  0.002938  -0.003483  -0.229673
0.542154  0.834317  -0.988936  86.400896  87.993315  90.357197  3.451903  -4.091627  -6.919243
0.017404  -0.005682  0.006735  51.739139  51.840226  51.910840  0.075508  -0.089501  -0.206672
-5.118781  0.401500  -0.475908  283.670568  186.907943  187.388545  -4.026369  4.772555  -1.406622
0.133084  -0.040663  0.048199  67.063471  65.071014  65.255453  -0.594084  0.704183  -0.539801
-0.000247  -0.000310  0.000367  32.603349  32.227771  31.944790  -0.549920  0.651834  0.828270
0.002158  0.002178  -0.002581  40.314228  40.199424  40.024482  -0.479176  0.567979  0.512048
-0.000316  0.000352  -0.000418  33.340467  33.092952  32.837262  0.571238  -0.677102  0.748336
0.173513  -0.018171  0.021538  70.353106  67.523593  67.649744  -0.212297  0.251641  -0.369215
5.500299  0.787137  -0.933013  206.292112  149.228104  149.857293  6.402406  -7.588931  -1.841193
0.063978  -1.537648  1.822613  90.974612  99.500356  104.193112  -0.160733  0.190520  -13.734788
0.590429  -0.833550  0.988028  87.551361  88.613387  90.924714  -3.674440  4.355405  -6.765212
0.000700  -0.001101  0.001305  35.749865  35.202306  34.901120  0.465288  -0.551518  0.881516
0.000829  0.000259  -0.000307  37.827018  38.805061  38.811754  -0.387490  0.459302  -0.019586
0.000306  0.002943  -0.003489  37.804757  36.884177  36.530883  -0.064023  0.075889  1.033320
0.054573  0.057686  -0.068376  57.675345  57.569669  57.862868  0.477936  -0.566509  -0.858445
0.253369  0.273991  -0.324769  72.532717  72.266851  73.208478  1.788557  -2.120021  -2.755924
-0.882252  0.269794  -0.319793  95.610999  87.654619  88.087262  -2.242831  2.658484  -1.266236
0.774169  0.569071  -0.674533  91.561902  87.802086  89.093289  3.716957  -4.405802  -3.779079
0.000091  0.000085  -0.000101  30.550484  30.498541  30.276844  -0.599330  0.710401  0.648845
2.793604  -0.563485  0.667913  141.595860  115.620559  116.184780  -4.574333  5.422071  -1.651317
-3.004500  -0.257343  0.305035  146.289199  117.264926  117.536334  1.456108  -1.725961  -0.794345
0.000001  0.000000  -0.000001  20.828221  20.868966  20.694617  -0.513117  0.608210  0.510287
-0.000012  -0.000007  0.000008  26.226913  26.738157  26.635217  -0.542510  0.643051  0.301286
-0.007448  -0.001014  0.001202  47.776192  48.408327  48.482885  -0.094792  0.112359  -0.218218
0.002831  -0.000391  0.000463  43.170906  44.154743  44.218736  0.144480  -0.171255  -0.187289
-0.473991  0.748491  -0.887205  83.913540  85.517867  87.689094  -3.068067  3.636657  -6.355184
-0.100656  -0.099509  0.117951  62.689064  62.430679  62.891677  0.871531  -1.033047  -1.349544
-0.008023  -0.000061  0.000073  48.257028  48.887389  48.970175  -0.000441  0.000523  -0.242290
0.061030  0.037093  -0.043968  59.266020  58.653064  58.855313  0.440935  -0.522651  -0.591885
-0.022411  -0.004249  0.005036  53.670261  53.625529  53.712989  -0.012804  0.015177  -0.255990
3.542346  2.343178  -2.777427  155.997709  135.826890  140.017175  14.654275  -17.370076  -12.264083
-0.030781  -0.023514  0.027872  54.058342  53.864278  53.982711  0.143012  -0.169515  -0.346599
-0.030504  0.029350  -0.034789  53.716531  53.585997  53.721909  -0.168225  0.199401  -0.398026
0.074879  -0.386459  0.458080  68.706989  71.229037  72.699460  -0.626320  0.742393  -4.304362
-0.000524  0.001934  -0.002292  36.530660  35.643283  35.283696  0.236615  -0.280466  1.052330
1.455984  -0.108045  0.128069  111.314627  96.952226  97.144192  -0.558610  0.662134  -0.561832
3.481013  -0.987940  1.171030  154.931707  124.748580  125.821563  -7.483486  8.870362  -3.140785
-2.754778  -0.612695  0.726243  140.702117  115.356164  115.991246  4.961283  -5.880732  -1.858688
-0.394103  -1.355344  1.606523  90.387791  96.810760  100.864152  2.804385  -3.324107  -11.863594
-0.755272  0.774580  -0.918129  91.457149  90.040397  91.991461  -4.205386  4.984749  -5.710047
-0.000008  -0.000006  0.000007  25.098231  25.206192  25.026278  -0.569156  0.674634  0.526575
-1.731258  0.499432  -0.591989  117.679734  102.182250  102.824153  -4.010845  4.754155  -1.878733
-0.013620  -0.016654  0.019741  48.727033  48.586818  48.580102  -0.104456  0.123815  0.019718
-0.033030  -0.039127  0.046378  54.154713  54.109318  54.292688  0.233569  -0.276855  -0.536431
0.000248  -0.000085  0.000101  34.355742  35.328700  35.316073  0.432741  -0.512939  0.036957
0.256367  0.177097  -0.209918  72.887181  71.210413  71.795527  1.589942  -1.884598  -1.712485
0.000139  0.002470  -0.002927  37.091394  36.133159  35.765487  -0.022342  0.026483  1.075882
0.000340  0.000004  -0.000005  35.733189  37.061971  37.124628  -0.002461  0.002917  -0.183379
-0.004409  -0.005499  0.006518  43.171148  42.917828  42.762623  -0.352255  0.417537  0.454091
-0.000055  0.000079  -0.000093  29.056302  28.555335  28.244979  0.517529  -0.613440  0.908359
0.001908  0.000218  -0.000258  41.358933  42.462613  42.526439  -0.119698  0.141881  -0.186798
-0.000490  -0.000915  0.001084  34.650840  33.972279  33.638879  -0.424694  0.503400  0.975625
0.000162  -0.000226  0.000268  31.538741  31.060349  30.754950  0.527081  -0.624762  0.893906
-0.005498  -0.000741  0.000879  46.333657  47.092547  47.163944  -0.109853  0.130211  -0.208967
0.001674  0.009342  -0.011074  42.505882  41.861675  41.631742  -0.101448  0.120249  0.671627
0.181238  0.471068  -0.558369  72.806124  75.144963  76.784859  1.376303  -1.631367  -4.798913
-0.169992  -0.051052  0.060514  69.559490  67.147682  67.348901  0.705868  -0.836683  -0.588913
-0.214552  -0.680690  0.806838  77.477666  80.897971  83.105417  1.580950  -1.873939  -6.460674
-0.002014  0.002436  -0.002887  39.951018  39.672919  39.463458  0.455644  -0.540086  0.612981
0.032858  -0.023062  0.027335  54.624691  54.389253  54.512498  -0.162063  0.192097  -0.360659
0.074110  0.062051  -0.073550  60.239613  59.832551  60.143470  0.625987  -0.741997  -0.910079
0.000601  -0.000625  0.000741  35.266385  35.101941  34.871228  0.567272  -0.672402  0.675225
0.022682  5.028237  -5.960095  160.330174  192.670018  211.941079  0.008247  -0.009775  -56.401843
0.310771  -0.236938  0.280849  75.269624  73.654712  74.388321  -1.884601  2.233864  -2.147101
-3.689161  -0.348660  0.413276  300.330206  200.389059  200.954328  5.433328  -6.440259  -1.654408
0.014862  0.004075  -0.004830  50.999800  51.213656  51.284288  -0.096290  0.114134  -0.206732
-0.002549  0.008110  -0.009613  42.321067  41.712689  41.484728  0.183746  -0.217799  0.667749
0.203631  -1.801739  2.135646  95.162739  104.811042  110.228609  -1.119272  1.326701  -15.856170
-0.000016  -0.000014  0.000017  26.180160  26.184552  25.980554  -0.577844  0.684933  0.597063
0.059048  -0.015884  0.018828  60.229885  59.264261  59.388650  -0.243149  0.288211  -0.364055
-1.057151  0.829478  -0.983201  99.734177  95.128338  96.957843  -5.127921  6.078252  -5.354540
-0.008319  0.013873  -0.016444  46.312517  46.037675  45.951989  0.169651  -0.201091  0.250801
-0.000134  -0.000231  0.000274  31.052844  30.396742  30.055584  -0.464817  0.550959  0.998404
-4.686772  -1.195161  1.416654  181.551602  139.003338  140.182205  9.297813  -11.020929  -3.449858
-0.005894  -0.001313  0.001556  46.479961  47.150560  47.209158  -0.188887  0.223892  -0.171509
-0.000094  -0.000152  0.000180  30.273815  29.668992  29.337484  -0.485950  0.576009  0.970253
1.926939  -0.717923  0.850972  122.031595  105.957551  106.975270  -5.436544  6.444070  -2.978657
-0.006376  0.001623  -0.001924  46.767567  47.382067  47.436013  0.202170  -0.239636  -0.157892
-3.937273  0.967082  -1.146306  164.421901  129.448254  130.400344  -7.466239  8.849919  -2.786402
-0.002157  0.027776  -0.032923  47.826729  47.639332  47.632862  0.004196  -0.004973  0.020429
0.000309  -0.000053  0.000063  35.324836  36.555343  36.596952  0.243910  -0.289112  -0.121773
-0.269214  -0.171333  0.203085  73.635857  71.669000  72.217056  1.584926  -1.878652  -1.604027
-0.029552  -0.714625  0.847062  76.443167  80.746884  83.121789  0.078094  -0.092567  -6.950775
-0.567782  0.155797  -0.184670  86.283462  80.544443  80.848508  -1.476729  1.750403  -0.889933
-0.000393  -0.000229  0.000271  34.864856  35.376152  35.274778  -0.566467  0.671447  0.296701
-0.000045  -0.000042  0.000050  28.539001  28.484438  28.263711  -0.591457  0.701069  0.646019
-0.011357  0.007962  -0.009437  48.240658  48.296282  48.291889  0.213588  -0.253172  0.012837
-0.002778  0.001665  -0.001973  42.014185  42.383952  42.319897  0.449681  -0.533018  0.187468
0.000001  -0.000001  0.000001  21.715024  21.863854  21.706716  0.525061  -0.622367  0.459919
-0.001279  -0.000294  0.000348  39.544805  40.601344  40.637473  -0.297249  0.352336  -0.105736
-0.678561  -1.751903  2.076574  98.684277  105.682476  110.721599  4.558937  -5.403822  -14.748623
-0.052980  -0.234088  0.277471  63.520736  65.217498  66.233813  0.503722  -0.597074  -2.973440
-0.002513  0.010867  -0.012881  43.327945  42.754114  42.553785  0.122134  -0.144769  0.585605
-0.002545  -0.005888  0.006979  41.487697  40.902880  40.662988  -0.259322  0.307380  0.703726
-0.000001  0.000001  -0.000001  21.197550  21.225092  21.046219  0.518271  -0.614319  0.523528
0.004905  0.000047  -0.000055  45.904849  46.748025  46.827165  -0.000877  0.001040  -0.231621
0.012582  -0.001755  0.002080  50.423193  50.786611  50.867219  0.062300  -0.073845  -0.235932
-0.456634  0.190699  -0.226040  81.960700  77.772959  78.213611  -1.732920  2.054073  -1.289689
0.289457  -0.116773  0.138414  75.376534  72.274733  72.612617  -1.252242  1.484314  -0.988907
0.002937  -0.001188  0.001408  42.762536  43.415391  43.413196  0.368550  -0.436852  0.006428
5.607343  1.355293  -1.606463  216.243991  156.583806  157.971362  11.981949  -14.202502  -4.063642
-0.005649  -0.007185  0.008517  44.255521  44.010982  43.878431  -0.307823  0.364871  0.387766
0.013626  -0.017154  0.020334  48.739019  48.595168  48.589369  0.098848  -0.117167  0.017077
0.176743  0.021553  -0.025547  70.518118  67.671430  67.802145  0.273274  -0.323919  -0.382571
-0.311251  0.496110  -0.588052  76.731971  77.979369  79.560954  -2.155567  2.555047  -4.628698
0.000002  0.000001  -0.000002  23.211427  23.205092  23.009788  -0.544970  0.645967  0.571619
0.052574  0.185264  -0.219598  61.670462  63.005585  63.848486  0.515032  -0.610480  -2.466947
-0.000001  -0.000001  0.000001  22.305970  22.558146  22.418865  -0.527712  0.625510  0.407656
0.000213  -0.000278  0.000330  32.215024  31.798929  31.507051  0.541828  -0.642242  0.854325
0.242530  -0.036544  0.043317  74.055908  70.553553  70.703520  -0.460305  0.545611  -0.438917
-0.039875  0.002000  -0.002371  57.804539  57.190196  57.287466  -0.011108  0.013166  -0.284688
0.046246  0.001586  -0.001880  58.890120  58.101130  58.199823  0.007302  -0.008656  -0.288849
0.677407  -0.285999  0.339002  89.220233  83.587943  84.144818  -2.317661  2.747182  -1.629845
-0.172833  -0.414952  0.491853  71.467491  73.491290  74.975973  1.333955  -1.581170  -4.344443
0.455068  -0.002064  0.002447  83.026753  77.467500  77.598764  -0.001024  0.001214  -0.384177
-0.000245  0.000168  -0.000199  33.396988  33.726706  33.584486  0.596393  -0.706920  0.416254
0.000001  -0.000001  0.000001  22.333038  22.567148  22.424113  0.529486  -0.627613  0.418641
0.000017  -0.000014  0.000017  26.328939  26.406951  26.217228  0.581065  -0.688751  0.555282
-0.000368  -0.000443  0.000525  33.690384  33.363028  33.093055  -0.553845  0.656486  0.790177
0.003280  0.000372  -0.000441  43.914085  44.868634  44.937535  -0.103464  0.122638  -0.201655
0.538599  0.257302  -0.304986  84.587268  80.230010  80.800628  2.141027  -2.537813  -1.670069
-0.082368  -0.039083  0.046326  62.106688  61.056921  61.260880  0.527748  -0.625552  -0.596968
5.559797  1.609251  -1.907485  217.524051  158.854696  160.720008  14.000973  -16.595702  -5.461606
-0.043231  -0.211579  0.250790  62.444902  64.035265  64.977992  0.415480  -0.492479  -2.757001
-0.478916  -0.289520  0.343175  82.163193  78.939297  79.658148  2.288812  -2.712985  -2.103903
4.651711  2.384630  -2.826561  184.750531  149.132136  152.913595  17.105669  -20.275774  -11.067292
-1.200904  0.089914  -0.106577  104.760131  92.856913  93.037886  -0.472620  0.560209  -0.529662
-0.112451  0.454876  -0.539175  71.071064  73.787945  75.431066  -0.918968  1.089275  -4.809432
-0.000620  -0.000454  0.000538  35.807631  36.051497  35.902891  -0.583082  0.691142  0.434940
-0.052959  -0.149907  0.177688  60.274026  61.302028  62.005848  0.517390  -0.613275  -2.064145
1.691763  1.370809  -1.624853  115.968749  108.867387  111.797583  8.216989  -9.739802  -8.576072
-0.000511  0.000978  -0.001160  34.825966  34.134542  33.799693  0.415282  -0.492244  0.979853
-0.071483  0.114409  -0.135612  60.251240  60.691572  61.239944  -0.679508  0.805437  -1.604526
0.000564  -0.003389  0.004018  38.438572  37.565021  37.227639  0.128074  -0.151810  0.986226
1.494029  -1.803068  2.137222  112.931658  112.291559  116.729318  -8.535887  10.117800  -12.987557
-0.771556  -1.014583  1.202610  93.247940  93.868670  96.562132  4.648842  -5.510388  -7.883092
0.002170  -0.003804  0.004509  40.414624  39.898802  39.652954  0.352688  -0.418050  0.719808
-0.246584  1.534013  -1.818304  91.639791  99.757866  104.401296  -1.652680  1.958963  -13.590421
-0.277612  0.143029  -0.169536  74.409011  71.870911  72.307390  -1.439006  1.705690  -1.277470
0.000278  0.000128  -0.000152  34.303460  35.047911  34.990111  -0.515910  0.611521  0.169162
-0.000019  -0.000015  0.000018  26.580218  26.688555  26.504211  -0.583394  0.691512  0.539540
0.000242  -0.000381  0.000452  32.481732  31.903001  31.579875  0.490588  -0.581506  0.945755
0.024443  0.014464  -0.017145  52.985616  52.849946  52.930191  0.024703  -0.029281  -0.234852
-1.546244  0.651831  -0.772632  112.740262  100.493532  101.512623  -4.846844  5.745085  -2.982691
3.544223  -2.144945  2.542456  155.690665  133.816032  137.458527  -13.796485  16.353317  -10.660828
-1.577500  2.046419  -2.425671  244.678736  225.300805  236.910569  -23.604139  27.978573  -33.979038
-0.008925  -0.001119  0.001326  48.679451  49.231876  49.309544  -0.074408  0.088198  -0.227323
0.018205  -0.005193  0.006155  52.133578  52.220499  52.296429  0.060704  -0.071955  -0.222236
0.927915  -2.720370  3.224522  111.552098  122.554586  130.120717  -6.182255  7.327980  -22.144245
-0.000002  -0.000002  0.000002  23.131370  23.005286  22.786345  -0.535975  0.635305  0.640793
-3.059824  3.587345  -4.252169  153.145817  149.291754  157.876640  -17.629422  20.896592  -25.125933
0.121796  0.207819  -0.246333  65.381765  66.212609  67.086491  1.061288  -1.257971  -2.557894
0.000387  -0.002689  0.003187  37.520819  36.601365  36.245110  0.109004  -0.129205  1.041810
-0.006943  0.012892  -0.015282  45.571263  45.240054  45.128070  0.180268  -0.213677  0.327973
1.474334  3.464813  -4.106929  125.180584  136.729509  146.065302  9.455013  -11.207262  -27.323662
0.000081  0.000129  -0.000152  29.939274  29.345514  29.016186  -0.489616  0.580354  0.963879
-1.136361  -0.547533  0.649004  102.031852  93.679638  94.641637  3.996351  -4.736974  -2.815527
-0.894922  -2.826720  3.350582  112.323573  124.126886  132.005046  6.030627  -7.148252  -23.057439
-0.002639  0.001046  -0.001240  42.282442  42.969033  42.966562  0.375086  -0.444598  0.007235
-0.000864  0.000580  -0.000688  37.017313  37.354321  37.231667  0.562863  -0.667175  0.358985
-0.034133  0.020736  -0.024578  55.129469  54.842389  54.962681  -0.161664  0.191624  -0.352040
-0.003005  0.000170  -0.000201  43.541769  44.550639  44.624264  0.032258  -0.038236  -0.215482
0.068654  -0.023942  0.028379  61.116064  60.068129  60.217530  -0.351354  0.416469  -0.437263
0.114581  0.027264  -0.032317  65.886037  63.996714  64.146104  0.434630  -0.515177  -0.437223
0.003424  -0.002325  0.002756  42.754517  42.992632  42.915417  0.434681  -0.515238  0.225974
-0.000010  -0.000010  0.000012  25.121264  24.916329  24.673822  -0.549995  0.651923  0.709761
0.001009  0.001760  -0.002086  37.342908  36.752409  36.456155  -0.413470  0.490097  0.867127
0.000156  0.000239  -0.000283  31.412397  30.851636  30.529803  -0.501285  0.594186  0.941985
-0.522067  0.142003  -0.168320  84.778340  79.368209  79.658491  -1.384682  1.641298  -0.849592
-0.009981  0.038606  -0.045761  50.204095  50.237454  50.344710  -0.039822  0.047202  -0.311939
0.018671  -0.000930  0.001102  52.766976  52.879806  52.968973  0.005007  -0.005934  -0.260971
-0.011356  -0.024801  0.029397  48.658815  48.505638  48.514383  -0.031913  0.037827  -0.028247
-0.000825  0.000161  -0.000191  38.089582  39.237414  39.278827  0.267860  -0.317500  -0.121201
-0.008071  -0.026938  0.031930  48.302855  48.141640  48.147088  -0.021886  0.025942  -0.016571
0.000545  -0.000715  0.000847  34.828997  34.424976  34.145566  0.524734  -0.621980  0.817827
-0.144621  0.014666  -0.017384  68.477215  66.001506  66.122898  -0.176238  0.208900  -0.355288
0.076405  -0.107355  0.127250  60.522283  60.798299  61.313484  -0.716772  0.849608  -1.506623
0.003633  0.000118  -0.000140  44.471425  45.422715  45.499079  -0.010750  0.012743  -0.223496
0.442158  0.181352  -0.214961  81.466489  77.334208  77.758290  1.673750  -1.983938  -1.241189
0.000124  0.000070  -0.000083  31.977623  32.517562  32.414236  -0.571507  0.677422  0.302412
0.200983  -0.008127  0.009633  72.042029  68.845159  68.963772  -0.043384  0.051424  -0.347153
0.170502  0.584234  -0.692507  74.896381  78.020548  79.987505  1.303210  -1.544727  -5.756835
-0.096803  0.029764  -0.035280  64.124787  62.597241  62.759376  -0.455997  0.540505  -0.474527
-0.561496  1.099191  -1.302898  89.601949  93.070826  96.229783  -3.677494  4.359025  -9.245802
0.000005  0.000003  -0.000004  24.878999  25.194155  25.056463  -0.556175  0.659248  0.403001
0.000796  0.000819  -0.000971  36.215830  36.065817  35.843969  -0.557230  0.660499  0.649282
0.005575  0.003934  -0.004663  44.823602  44.979992  44.922666  -0.362593  0.429790  0.167754
0.002599  0.004475  -0.005304  41.113903  40.628704  40.398908  -0.340183  0.403228  0.672761
-0.001485  0.000682  -0.000808  39.552305  40.224080  40.187211  0.459078  -0.544156  0.107903
-0.000014  -0.000008  0.000010  26.501684  26.981693  26.871734  -0.551324  0.653498  0.321827
0.000001  0.000001  -0.000001  21.789075  21.819643  21.638426  -0.526812  0.624443  0.530387
-0.038967  0.006127  -0.007262  57.481984  56.913497  57.013317  -0.070088  0.083077  -0.292160
0.002252  -0.028341  0.033594  47.941545  47.766233  47.765612  0.003761  -0.004458  0.003424
-0.000066  0.000087  -0.000103  29.512492  29.083832  28.787503  0.538834  -0.638693  0.867305
0.000022  -0.000019  0.000023  26.771723  26.784915  26.581112  0.583203  -0.691286  0.596493
-0.004258  -0.000347  0.000411  45.195959  46.076800  46.151437  -0.054744  0.064889  -0.218443
-0.023362  -0.062175  0.073698  53.779033  54.102557  54.384850  0.199943  -0.236997  -0.833957
-0.020185  -0.032880  0.038973  51.338424  51.312287  51.421356  0.082013  -0.097212  -0.319047
-0.000424  0.000974  -0.001154  34.458544  33.666612  33.310238  0.363593  -0.430976  1.042692
-0.002192  0.000213  -0.000253  41.998777  43.080561  43.147767  0.090028  -0.106712  -0.196691
0.156781  0.031493  -0.037329  69.060132  66.572875  66.724304  0.475830  -0.564013  -0.443193
-0.015452  -0.035241  0.041773  50.593870  50.592957  50.693078  0.056812  -0.067340  -0.298239
-0.045072  0.002272  -0.002693  58.691115  57.934690  58.033382  -0.014344  0.017002  -0.288848
-0.012326  0.029800  -0.035322  49.459853  49.376232  49.425264  -0.008430  0.009993  -0.147774
0.000507  0.000122  -0.000145  36.518176  37.638135  37.663864  -0.332360  0.393954  -0.075298
-0.114732  -0.080252  0.095125  64.281028  63.397666  63.758379  0.878214  -1.040969  -1.055632
0.000061  -0.000064  0.000076  29.361961  29.165075  28.915019  0.581310  -0.689042  0.731845
0.323900  0.225171  -0.266901  75.953765  73.977657  74.653390  1.869420  -2.215871  -1.977713
-0.008137  0.005946  -0.007048  46.507758  46.594389  46.558044  0.291360  -0.345357  0.106350
-0.049237  -0.123874  0.146831  59.000100  59.808087  60.402812  0.481136  -0.570303  -1.747529
0.052735  -2.829461  3.353831  107.952529  122.611182  130.791161  -0.058507  0.069350  -23.940861
-0.008722  -0.001632  0.001934  48.445750  48.979210  49.049585  -0.126651  0.150122  -0.205983
0.001727  -0.005047  0.005983  40.487151  39.798146  39.523459  0.232797  -0.275941  0.805008
-0.494154  0.124580  -0.147667  83.897675  78.606552  78.870017  -1.256060  1.488840  -0.771106
-0.079373  -0.011981  0.014201  62.924569  61.474930  61.590828  0.189830  -0.225011  -0.339212
-0.000001  -0.000001  0.000001  22.146864  22.359405  22.212938  -0.528257  0.626156  0.428687
-0.000506  0.001716  -0.002035  36.122139  35.240087  34.878085  0.257503  -0.305225  1.059519
0.008250  -0.008733  0.010351  46.104038  45.978155  45.902992  0.262937  -0.311666  0.220022
-0.000666  -0.000054  0.000064  37.587605  38.856063  38.917268  -0.077079  0.091363  -0.179129
-0.002116  0.002346  -0.002781  40.178495  39.976916  39.784364  0.466979  -0.553522  0.563561
0.095861  -0.066961  0.079370  62.673393  61.910945  62.229489  -0.750969  0.890142  -0.932203
2.540168  -2.216835  2.627670  134.861403  125.729147  130.356309  -12.278188  14.553641  -13.542583
-0.036440  -0.035212  0.041738  54.886663  54.742994  54.917182  0.252149  -0.298879  -0.510105
-0.001141  0.000851  -0.001009  37.877124  38.087100  37.947028  0.554449  -0.657202  0.409959
0.140385  -0.068324  0.080986  66.877812  65.263991  65.547989  -0.853784  1.012011  -0.831217
1.741809  -0.792925  0.939873  272.734949  212.486494  215.314711  -15.056343  17.846657  -8.277524
-0.046447  0.032759  -0.038831  56.989581  56.619618  56.798700  -0.327460  0.388147  -0.524047
0.000028  0.000024  -0.000029  27.320589  27.347804  27.145534  -0.587916  0.696872  0.592006
-0.006461  -0.008419  0.009979  44.871985  44.628544  44.509430  -0.278264  0.329833  0.348429
0.025251  0.017664  -0.020937  52.916500  52.770566  52.856076  0.050068  -0.059347  -0.250240
-0.026690  0.006838  -0.008105  54.627792  54.436660  54.527305  -0.022629  0.026823  -0.265305
0.246847  0.097625  -0.115717  73.403761  70.598656  70.905065  1.110316  -1.316086  -0.896787
-0.066495  0.062568  -0.074163  59.252014  59.006408  59.322286  -0.578881  0.686162  -0.924855
0.000806  -0.000340  0.000403  37.431234  38.217985  38.184894  0.467881  -0.554591  0.096848
0.151454  0.457015  -0.541711  71.853029  74.330747  75.954220  1.189509  -1.409955  -4.751129
0.000018  0.000009  -0.000011  27.076196  27.703077  27.620950  -0.524662  0.621895  0.240367
-0.000112  0.000033  -0.000039  32.262987  33.328461  33.329786  0.393643  -0.466595  -0.003876
-0.001299  0.000204  -0.000241  39.740829  40.878452  40.931881  0.199752  -0.236770  -0.156366
0.000268  -0.000166  0.000197  33.777631  34.221258  34.102572  0.583083  -0.691143  0.347370
-0.000142  -0.000041  0.000048  33.017665  34.093402  34.097808  -0.388551  0.460559  -0.012894
0.005352  -0.007535  0.008932  44.027382  43.727134  43.581372  0.295511  -0.350277  0.426345
-0.000005  0.000003  -0.000004  25.050710  25.486997  25.372921  0.542397  -0.642917  0.333881
-0.026237  -1.463001  1.734132  89.799673  97.961640  102.442482  0.030247  -0.035852  -13.114525
0.000761  0.002175  -0.002578  37.256083  36.448979  36.111439  -0.283119  0.335588  0.988377
-0.491198  0.096775  -0.114710  83.974140  78.486734  78.700766  -0.997360  1.182195  -0.626424
-0.636864  1.296819  -1.537152  93.115745  97.357700  101.060959  -4.176411  4.950404  -10.837729
-0.255600  0.797984  -0.945870  80.183371  84.051470  86.563437  -1.842276  2.183696  -7.351908
0.002885  0.004633  -0.005492  41.473630  41.034758  40.818676  -0.348252  0.412792  0.632337
0.000006  0.000004  -0.000005  25.061299  25.328179  25.180172  -0.562496  0.666741  0.433193
-0.732153  0.893620  -1.059230  91.487479  91.473936  93.825235  -4.327957  5.130035  -6.881656
0.017818  -0.057549  0.068214  52.901339  53.190333  53.439447  -0.144887  0.171738  -0.731636
0.311959  0.996666  -1.181373  84.183413  88.909669  91.956485  2.217533  -2.628497  -8.917168
0.001771  -0.002674  0.003170  39.482299  39.029727  38.782441  0.413697  -0.490365  0.723598
0.000573  0.000625  -0.000741  35.074213  34.857115  34.615139  -0.561438  0.665486  0.708195
-0.001109  -0.003267  0.003872  38.796831  38.034563  37.722630  -0.257631  0.305377  0.913728
-0.010873  0.001461  -0.001732  49.664489  50.111838  50.191004  0.069497  -0.082377  -0.231708
-0.624044  0.221643  -0.262719  87.794961  82.094982  82.521713  -1.913496  2.268114  -1.248946
-0.079746  -0.027719  0.032856  62.328912  61.109274  61.269640  0.411866  -0.488195  -0.469352
-0.000126  0.000112  -0.000133  31.393343  31.401026  31.191553  0.603834  -0.715740  0.613070
0.002828  0.002430  -0.002880  41.608429  41.643589  41.513300  -0.461734  0.547305  0.381341
-4.099005  -1.069951  1.268239  167.803506  131.651098  132.730376  8.174298  -9.689199  -3.158172
0.069731  3.584023  -4.248232  117.338139  135.575818  145.840182  0.079218  -0.093899  -30.041363
-3.159175  -3.569745  4.231307  155.169743  149.914593  158.372763  18.020062  -21.359627  -24.755061
-4.636142  -1.392264  1.650285  279.505373  192.407745  194.939954  19.556862  -23.181235  -7.411197
0.004849  -0.003665  0.004344  44.095793  44.213591  44.136973  0.387208  -0.458967  0.224224
-0.408011  5.024090  -5.955179  160.070612  191.671289  210.726298  -2.216837  2.627672  -55.769509
-0.000001  0.000000  -0.000001  20.678803  20.733532  20.562753  0.511070  -0.605784  0.499838
-0.000180  0.000070  -0.000083  33.405341  34.296032  34.264560  0.469678  -0.556721  0.092111
-0.489532  -1.043966  1.237438  87.643540  91.349177  94.402110  3.250770  -3.853219  -8.935596
-0.028061  0.000264  -0.000313  55.379408  55.135826  55.229219  -0.000116  0.000137  -0.273335
-0.605184  0.542171  -0.642649  86.325598  84.407177  85.787875  -3.287282  3.896497  -4.040958
0.082756  -0.011620  0.013774  63.295651  61.777678  61.893044  -0.179258  0.212479  -0.337652
0.000382  0.000502  -0.000595  33.749992  33.336758  33.050325  -0.533258  0.632084  0.838396
0.185392  -0.109710  0.130042  69.386235  67.746369  68.154139  -1.178444  1.396839  -1.193431
0.002171  0.003223  -0.003820  40.286298  39.862733  39.631327  -0.399236  0.473225  0.677073
0.383565  -0.019912  0.023602  80.355072  75.418320  75.551106  -0.105110  0.124589  -0.388636
-0.000564  -0.000576  0.000683  35.085273  34.941208  34.713408  -0.572005  0.678012  0.666695
0.000040  0.000045  -0.000053  28.103095  27.837499  27.575375  -0.565094  0.669820  0.767167
1.393652  0.227357  -0.269492  109.582130  96.210847  96.499955  1.846927  -2.189209  -0.846131
-0.004499  -0.004118  0.004881  43.498062  43.467668  43.355600  -0.392536  0.465283  0.328044
-0.013130  0.500836  -0.593653  71.361559  74.623866  76.424290  -0.024280  0.028779  -5.269481
0.000686  0.001016  -0.001204  35.637320  35.135595  34.842404  -0.483975  0.573667  0.858141
-0.000107  0.000078  -0.000093  31.261746  31.508934  31.346908  0.604116  -0.716074  0.474218
-0.000566  -0.000594  0.000704  35.065508  34.889705  34.655659  -0.567877  0.673119  0.684978
-0.003120  -0.002786  0.003302  41.977156  41.974720  41.843057  -0.446831  0.529640  0.385378
-0.279325  0.493603  -0.585080  75.761884  77.336622  78.946338  -1.979011  2.345771  -4.710887
0.345856  0.382118  -0.452934  76.892527  76.598474  77.778641  2.246743  -2.663120  -3.454112
-0.000221  0.000225  -0.000267  32.547802  32.400656  32.162393  0.589198  -0.698392  0.697316
1.070951  -1.040904  1.233810  100.603557  97.916836  100.397057  -5.752057  6.818057  -7.259076
0.026286  2.284572  -2.707959  101.155416  113.340880  120.088345  0.018879  -0.022377  -19.748471
-0.930323  0.651189  -0.771870  96.120839  91.280123  92.678810  -4.271138  5.062686  -4.093684
-0.001319  0.001825  -0.002163  38.222345  37.810418  37.556270  0.462301  -0.547976  0.743749
0.000974  -0.002174  0.002577  37.642205  36.932285  36.616813  0.338526  -0.401263  0.923935
0.000517  0.004834  -0.005730  39.684813  38.852630  38.539767  -0.060349  0.071533  0.914646
-0.785173  1.200557  -1.423050  94.988249  97.045691  100.314972  -4.909106  5.818886  -9.567283
0.016484  -0.023006  0.027270  49.916442  49.803471  49.842937  0.016633  -0.019715  -0.115014
-1.355517  0.008996  -0.010663  108.795708  95.318654  95.480322  -0.005085  0.006028  -0.473164
1.071812  2.481976  -2.941948  110.874754  119.428787  126.232132  6.882261  -8.157715  -19.911736
-0.046520  -0.375151  0.444676  68.034986  70.603236  72.052304  0.326226  -0.386684  -4.241717
-0.000912  0.002728  -0.003234  38.085971  37.293974  36.968035  0.263782  -0.312667  0.954516
-1.436177  1.571929  -1.863246  110.820126  108.763465  112.555211  -7.989664  9.470347  -11.097761
0.002068  0.000145  -0.000171  41.757627  42.867405  42.936975  -0.051871  0.061483  -0.203610
-0.003252  -0.000686  0.000813  43.713942  44.591675  44.643753  -0.226823  0.268858  -0.152419
0.501100  0.471512  -0.558895  82.769689  81.419661  82.695125  2.866147  -3.397315  -3.733008
-0.030891  -0.054236  0.064287  54.201993  54.371822  54.624457  0.255212  -0.302509  -0.740861
0.025193  0.008386  -0.009940  54.011182  53.865430  53.952190  0.013400  -0.015884  -0.253926
4.925595  -2.505661  2.970022  196.775322  156.229213  160.345071  -18.981097  22.498766  -12.045938
-0.000064  0.000086  -0.000102  29.441079  28.996358  28.696880  0.534530  -0.633591  0.876524
0.001702  0.002294  -0.002720  39.268613  38.893672  38.658011  -0.447135  0.530000  0.689592
0.049619  -0.012830  0.015208  58.956615  58.175177  58.290211  -0.184020  0.218123  -0.336680
-0.000069  -0.000037  0.000044  30.215980  30.792167  30.695551  -0.559718  0.663448  0.282774
0.000031  0.065165  -0.077242  52.856142  53.268745  53.553744  0.000001  -0.000001  -0.834126
-0.001865  0.001196  -0.001418  40.124057  40.469608  40.377517  0.502546  -0.595680  0.269526
1.416773  0.378702  -0.448885  109.906255  97.084815  97.583329  3.096436  -3.670282  -1.459028
0.456040  -2.298989  2.725049  102.862250  114.176156  120.864581  -3.154801  3.739464  -19.575658
-0.000393  -0.007184  0.008516  41.196739  40.443480  40.169871  -0.016273  0.019289  0.800419
0.002476  -1.504654  1.783503  90.425147  98.808481  103.409494  -0.000272  0.000322  -13.466271
0.000351  -0.000223  0.000265  34.422341  34.835379  34.712949  0.583181  -0.691259  0.358332
-0.005213  -0.000877  0.001039  46.023597  46.781631  46.847767  -0.150452  0.178333  -0.193569
-0.000001  0.000001  -0.000001  23.000669  22.946417  22.742452  0.539839  -0.639885  0.596965
-0.021721  -0.019806  0.023477  51.617118  51.508004  51.576615  0.017386  -0.020608  -0.200912
0.023374  -0.022655  0.026854  52.018125  51.906632  51.991061  -0.054750  0.064897  -0.247271
-0.009902  0.035298  -0.041840  49.771033  49.753671  49.834855  -0.026768  0.031729  -0.237297
-0.404901  0.282833  -0.335249  79.235272  76.909147  77.685345  -2.184527  2.589374  -2.271746
0.001223  0.003367  -0.003991  39.002779  38.265720  37.961088  -0.268646  0.318433  0.892643
-1.097050  -4.752595  5.633369  174.064506  202.948803  222.827724  12.061479  -14.296771  -58.180914
0.052059  -0.070340  0.083376  57.415118  57.542463  57.894537  -0.480397  0.569427  -1.029093
-0.375748  -0.037400  0.044331  79.988454  75.180015  75.325378  0.325691  -0.386050  -0.425443
0.343178  -0.046036  0.054568  78.617614  74.154573  74.310720  -0.489519  0.580239  -0.457006
0.000300  -0.000040  0.000047  35.307813  36.578437  36.627864  0.175881  -0.208475  -0.144656
0.902493  -0.005282  0.006261  96.801398  87.517259  87.665617  -0.002764  0.003276  -0.434211
0.000087  -0.000032  0.000038  31.279721  32.199130  32.170761  0.456896  -0.541570  0.083030
0.068879  0.115491  -0.136894  60.071633  60.561078  61.115163  0.657462  -0.779306  -1.622004
-0.007207  0.012346  -0.014634  45.619316  45.307664  45.198755  0.193388  -0.229228  0.318835
-0.379755  0.022469  -0.026633  80.200284  75.303096  75.437139  -0.132662  0.157247  -0.392313
0.007248  -0.004259  0.005049  46.333959  46.571052  46.554741  0.304133  -0.360497  0.047732
-0.061713  -0.225156  0.266883  63.429414  65.008413  65.989897  0.586463  -0.695149  -2.872327
3.635239  1.589535  -1.884115  157.495872  129.966847  132.178635  11.037127  -13.082581  -6.473350
2.781746  -1.430458  1.695557  139.762290  120.411836  122.689847  -9.774450  11.585898  -6.667214
0.000303  -0.000285  0.000338  33.437134  33.385935  33.168995  0.594871  -0.705115  0.634912
0.230301  0.152072  -0.180254  71.654985  69.992539  70.514757  1.447969  -1.716313  -1.528393
1.640960  2.160203  -2.560542  117.394964  118.159002  123.510973  9.499627  -11.260144  -15.663590
-0.092176  0.191379  -0.226846  63.532720  64.556827  65.397303  -0.837636  0.992871  -2.462128
-1.636721  0.002597  -0.003079  115.898158  99.608083  99.776821  -0.000355  0.000421  -0.493855
0.084143  -0.638023  0.756264  75.022527  78.836988  80.993364  -0.548987  0.650728  -6.311335
-0.000048  0.000036  -0.000042  28.860546  29.074071  28.906334  0.597198  -0.707874  0.490935
-0.002672  0.034217  -0.040558  49.004882  48.945619  49.001181  -0.002069  0.002453  -0.160499
-0.113591  0.007558  -0.008959  66.202187  64.133817  64.245857  -0.070546  0.083619  -0.327915
-0.020111  -0.039148  0.046403  51.714445  51.760512  51.903036  0.110398  -0.130857  -0.420540
-0.009491  0.000852  -0.001010  49.036836  49.570228  49.651337  0.041735  -0.049469  -0.237389
-0.004296  -0.002380  0.002821  44.066461  44.437780  44.404496  -0.381677  0.452412  0.097415
-0.023149  0.005796  -0.006871  53.717710  53.641426  53.727428  0.008767  -0.010392  -0.251716
-0.372929  2.005830  -2.377560  98.743481  108.900798  114.828924  -2.577374  3.055025  -17.350550
-0.036083  -0.032271  0.038251  54.897593  54.719866  54.881671  0.236779  -0.280660  -0.473755
-0.003110  0.001606  -0.001904  42.727221  43.202917  43.168020  0.412596  -0.489061  0.102138
-0.601315  -3.244716  3.846042  114.771773  130.209136  139.386525  3.984727  -4.723196  -26.860028
-0.000830  0.001004  -0.001190  36.296982  35.981868  35.729036  0.526170  -0.623682  0.739996
0.036196  0.269298  -0.319206  64.489568  66.490054  67.627502  0.286290  -0.339347  -3.328568
0.000006  -0.000004  0.000005  25.026625  25.281657  25.131402  0.562964  -0.667296  0.439769
-0.000501  0.000046  -0.000054  36.743837  38.025495  38.084042  0.095128  -0.112757  -0.171349
-0.000268  0.000149  -0.000176  33.954761  34.521830  34.427984  0.562136  -0.666314  0.274665
0.000986  0.004590  -0.005441  39.701766  38.906807  38.600677  -0.162082  0.192121  0.894748
0.733170  0.414027  -0.490756  90.516536  85.593927  86.460890  3.043874  -3.607980  -2.537395
0.000004  0.000004  -0.000004  23.859127  23.679840  23.447155  -0.539294  0.639239  0.681014
-0.876218  1.111025  -1.316926  96.303647  96.591819  99.487582  -5.206963  6.171942  -8.474760
0.000012  -0.000008  0.000009  25.972448  26.295014  26.155140  0.567482  -0.672651  0.409385
-0.053423  -0.027079  0.032097  58.607909  57.975243  58.136110  0.332626  -0.394269  -0.470839
0.000122  -0.000074  0.000088  31.851214  32.315666  32.197231  0.584008  -0.692240  0.346636
0.035889  -0.085453  0.101290  56.287435  56.798185  57.213344  -0.342633  0.406132  -1.223730
0.676822  -0.021304  0.025253  90.258144  82.899738  83.042855  -0.059746  0.070819  -0.418869
-0.163359  0.027223  -0.032268  69.581887  66.957385  67.098644  -0.398738  0.472634  -0.413428
0.000317  -0.000047  0.000056  35.424953  36.678493  36.725041  0.205375  -0.243435  -0.136230
-3.208480  3.771529  -4.470487  212.846581  199.994857  213.651094  -29.942774  35.491915  -39.968555
0.001069  -0.012045  0.014277  43.487964  42.899813  42.702109  0.029507  -0.034975  0.578192
0.013601  0.103070  -0.122171  56.207841  57.026652  57.528949  0.115765  -0.137219  -1.463209
-1.677015  1.238016  -1.467451  115.537196  107.290149  109.835746  -7.770331  9.210366  -7.450233
0.014843  0.007294  -0.008646  50.282352  50.387266  50.431078  -0.133929  0.158749  -0.128223
0.000452  0.000209  -0.000248  35.582989  36.317254  36.262784  -0.508899  0.603210  0.159419
0.000941  0.000568  -0.000673  37.468898  37.918592  37.820957  -0.544738  0.645691  0.285757
-1.857189  -1.435382  1.701394  119.730794  111.250542  114.225494  8.744225  -10.364748  -8.706953
0.322467  -0.891824  1.057101  82.726131  86.725646  89.460568  -2.250196  2.667213  -8.004508
0.073989  -0.172124  0.204023  62.085138  63.121863  63.902543  -0.692977  0.821403  -2.288857
0.003653  0.001806  -0.002141  43.511089  43.991067  43.968401  -0.384648  0.455933  0.066342
-0.000096  0.000070  -0.000082  31.000037  31.263104  31.104122  0.602904  -0.714637  0.465308
1.577832  1.970299  -2.335445  115.303498  115.167728  120.021537  9.050882  -10.728235  -14.205288
-0.086842  -0.276613  0.327877  65.784852  67.554122  68.690748  0.775393  -0.919093  -3.326720
1.243167  1.793095  -2.125400  108.092966  110.154672  114.816527  7.527235  -8.922219  -13.640857
-0.000345  -0.000115  0.000136  35.234007  36.218132  36.210972  -0.421600  0.499733  0.020957
0.104796  0.035661  -0.042270  64.702123  63.127185  63.306855  0.525136  -0.622457  -0.525852
5.933183  0.196075  -0.232412  237.467324  163.460595  163.762177  0.656255  -0.777875  -0.882680
0.000081  -0.000030  0.000036  31.026888  31.936148  31.905703  0.459999  -0.545249  0.089106
-0.014878  -0.037474  0.044419  50.716811  50.744273  50.856671  0.063204  -0.074917  -0.334733
0.708671  1.074114  -1.273174  92.308983  94.127254  97.071148  4.432787  -5.254292  -8.616139
0.000279  0.000325  -0.000385  32.982394  32.688086  32.422095  -0.564963  0.669665  0.778505
-0.000814  0.001512  -0.001792  36.553116  35.909106  35.595748  0.405851  -0.481065  0.917174
-0.002756  0.000360  -0.000427  43.050564  44.047760  44.112604  0.134545  -0.159478  -0.189780
0.788076  -1.160624  1.375717  94.722288  96.416901  99.557023  -4.885708  5.791151  -9.189623
-0.000231  0.000146  -0.000173  33.380860  33.806669  33.683333  0.586955  -0.695732  0.360980
-0.000112  0.000066  -0.000078  31.671232  32.176813  32.066385  0.577375  -0.684377  0.323200
-0.001196  -0.009636  0.011422  42.527848  41.873388  41.642595  -0.059125  0.070082  0.674426
-0.004626  -0.008199  0.009718  43.571956  43.162918  42.991459  -0.261008  0.309379  0.502162
0.000008  0.000006  -0.000007  25.152648  25.285488  25.110359  -0.569487  0.675028  0.512572
-0.006121  0.002657  -0.003150  46.028582  46.471098  46.483096  0.291327  -0.345318  -0.035107
0.000051  0.000050  -0.000060  28.891555  28.779644  28.547022  -0.588648  0.697740  0.680825
0.000879  -0.000163  0.000193  38.315200  39.469100  39.513399  0.252447  -0.299231  -0.129646
0.441477  -1.633387  1.936094  94.566642  102.377041  107.222218  -3.155211  3.739950  -14.181432
0.005384  0.008686  -0.010296  44.146806  43.793486  43.642644  -0.261778  0.310292  0.441418
0.000578  -0.001421  0.001685  35.751233  34.955662  34.607191  0.334737  -0.396772  1.019919
-0.001016  -0.009837  0.011660  42.586475  41.932849  41.703625  -0.043465  0.051520  0.670062
0.000090  0.000076  -0.000090  30.645707  30.723060  30.527082  -0.605374  0.717565  0.573582
0.168068  0.193117  -0.228906  67.757675  67.744946  68.509265  1.341300  -1.589876  -2.236958
0.000322  -0.000345  0.000409  33.433199  33.230811  32.984261  0.577751  -0.684822  0.721576
-0.002763  -0.002478  0.002937  41.460416  41.456035  41.316538  -0.462077  0.547711  0.408301
0.008430  -0.017033  0.020189  46.777626  46.501185  46.431734  0.119128  -0.141205  0.202827
-0.001216  -0.004283  0.005077  39.639884  38.877094  38.576171  -0.212066  0.251367  0.880699
0.082163  0.384935  -0.456273  68.776218  71.254512  72.717165  0.696380  -0.825436  -4.281519
-0.000001  -0.000001  0.000001  21.821837  21.739310  21.535253  -0.521970  0.618704  0.597230
0.000057  0.000067  -0.000079  29.136986  28.819437  28.545546  -0.561416  0.665460  0.801609
-0.648961  -0.028744  0.034071  89.396447  82.278181  82.422716  0.110575  -0.131068  -0.423021
-1.316184  -0.920210  1.090748  106.586784  99.651395  101.540642  5.960737  -7.065409  -5.529318
0.001059  0.003458  -0.004099  38.896932  38.115991  37.801787  -0.236115  0.279873  0.919933
-0.000036  0.000034  -0.000041  27.906668  27.837104  27.614398  0.586680  -0.695406  0.651813
1.000231  0.672830  -0.797522  98.088645  92.605421  94.009890  4.464786  -5.292222  -4.110604
-0.000439  0.111780  -0.132496  56.634481  57.556850  58.098988  -0.000160  0.000190  -1.586695
-0.510517  0.059482  -0.070506  84.834237  78.956738  79.120333  -0.509959  0.604467  -0.478807
-0.067191  -0.002201  0.002609  61.742397  60.470947  60.573851  0.011349  -0.013452  -0.301176
-0.003847  -0.001280  0.001517  44.208131  44.896803  44.921985  -0.300332  0.355991  -0.073701
0.849181  1.299330  -1.540128  97.093622  99.291406  102.811747  5.302322  -6.284974  -10.300984
-1.887428  0.814602  -0.965568  120.910146  106.088457  107.341402  -5.999194  7.110994  -3.667126
0.141052  0.242896  -0.287911  66.959080  67.902829  68.880232  1.186558  -1.406457  -2.860752
-0.033181  0.037400  -0.044331  54.185349  54.116240  54.292251  -0.228768  0.271165  -0.515183
-0.000194  0.000104  -0.000124  33.187133  33.784038  33.693989  0.558795  -0.662354  0.263552
1.216075  0.894276  -1.060007  103.987252  98.044618  99.936576  5.676711  -6.728747  -5.537296
0.107860  0.149831  -0.177599  63.573715  63.930318  64.597463  0.965196  -1.144071  -1.951869
-5.419550  1.768998  -2.096837  210.507845  156.443086  158.619560  -14.686937  17.408791  -6.374921
0.003377  0.004229  -0.005012  42.051507  41.776732  41.598367  -0.388961  0.461046  0.521877
-0.097348  -0.641699  0.760622  75.210132  79.002005  81.163956  0.680302  -0.806379  -6.327652
0.006875  -0.002774  0.003288  46.668089  47.111124  47.134549  0.262358  -0.310980  -0.068553
-0.044801  -0.054694  0.064830  56.245401  56.254353  56.528234  0.387821  -0.459694  -0.801026
-0.000001  -0.000001  0.000002  22.941124  22.788001  22.564492  -0.530821  0.629196  0.654158
-4.012014  2.983901  -3.536891  239.061025  196.188888  205.223066  -30.935108  36.668152  -26.440230
-2.452562  2.630990  -3.118578  134.440430  130.023267  135.957056  -12.965691  15.368556  -17.366795
0.014908  0.000195  -0.000231  51.481639  51.758368  51.846000  -0.000658  0.000780  -0.256474
-0.000414  0.001608  -0.001906  35.749798  34.831414  34.459539  0.231743  -0.274690  1.088314
0.015854  -0.003247  0.003849  51.555881  51.756590  51.835612  0.067352  -0.079834  -0.231292
0.141824  0.092496  -0.109638  66.428750  65.255891  65.641005  1.011173  -1.198568  -1.127080
1.244043  1.262655  -1.496657  105.493415  102.826968  105.843850  6.782553  -8.039528  -8.830157
-0.218557  -0.195757  0.232036  70.670449  69.884692  70.590473  1.550455  -1.837793  -2.065671
-0.024790  -0.020047  0.023762  52.583748  52.450360  52.536868  0.056853  -0.067390  -0.253205
0.000004  -0.000003  0.000004  24.617966  24.888907  24.743340  0.557028  -0.660259  0.426051
-0.035423  0.086012  -0.101952  56.278730  56.799970  57.217686  -0.338717  0.401490  -1.231264
-2.259452  4.677477  -5.544330  163.541534  177.734749  192.672120  -17.935042  21.258851  -43.718163
0.005047  0.003024  -0.003584  44.654335  44.943177  44.905302  -0.367477  0.435579  0.110843
4.145365  0.777418  -0.921492  168.991472  130.944734  131.622626  6.099684  -7.230107  -1.983897
1.725293  -0.801385  0.949901  116.995928  103.944735  105.243274  -5.834955  6.916317  -3.800584
-0.001580  -0.001082  0.001283  39.310623  39.600216  39.488835  -0.524431  0.621622  0.325985
0.000876  -0.000767  0.000909  36.711131  36.744496  36.561354  0.568471  -0.673822  0.536004
-0.000037  0.000017  -0.000020  28.671805  29.419062  29.357870  0.503987  -0.597388  0.179094
0.002785  0.013259  -0.015716  44.202522  43.687867  43.518538  -0.095614  0.113334  0.495118
-0.079700  0.058859  -0.069767  61.018002  60.432983  60.726335  -0.644524  0.763971  -0.858483
0.000446  0.001259  -0.001492  35.089475  34.231420  33.866327  -0.306158  0.362897  1.068447
-0.015152  0.027988  -0.033175  49.879945  49.793505  49.848100  -0.012147  0.014399  -0.161222
-0.000339  -0.003694  0.004379  38.645591  37.758777  37.421770  -0.049624  0.058821  0.985620
0.959850  -0.129527  0.153532  98.240355  88.704605  88.917607  -1.015557  1.203765  -0.623400
-0.000072  0.000063  -0.000075  29.995448  30.028053  29.823294  0.602393  -0.714031  0.599279
0.000072  -0.000031  0.000036  30.563910  31.375318  31.325414  0.494559  -0.586213  0.146059
-0.000379  -0.000336  0.000398  34.105404  34.124917  33.924249  -0.595573  0.705948  0.587296
-0.000460  0.000025  -0.000030  36.536151  37.840986  37.902908  0.039424  -0.046730  -0.181226
-0.000422  -0.000036  0.000043  36.270012  37.563537  37.621847  -0.087684  0.103933  -0.170653
-0.080457  0.041591  -0.049299  61.755884  60.800030  61.015604  -0.544756  0.645713  -0.630954
-0.000283  0.000340  -0.000403  32.988143  32.660673  32.388211  0.558414  -0.661902  0.797460
0.000003  0.000003  -0.000004  23.859348  23.735268  23.513630  -0.545147  0.646176  0.648687
-0.000032  -0.000029  0.000034  27.581647  27.556336  27.343059  -0.587416  0.696278  0.624216
0.020716  -0.007310  0.008664  52.701457  52.687772  52.763985  0.037425  -0.044361  -0.223056
-3.071649  3.304367  -3.916748  150.604355  144.381539  151.928521  -16.739545  19.841799  -22.088238
-0.128620  -0.686929  0.814234  76.465580  80.380020  82.653254  0.955836  -1.132977  -6.653214
1.491901  -1.204178  1.427342  259.393981  217.761215  223.689585  -19.097108  22.636277  -17.350939
2.162206  3.206001  -3.800152  132.740123  136.158845  144.128177  12.775363  -15.142955  -23.324313
0.000049  -0.000031  0.000037  29.049952  29.451893  29.321459  0.583152  -0.691225  0.381753
-0.153213  -0.006314  0.007484  69.133206  66.505135  66.619481  0.037064  -0.043933  -0.334665
-0.016221  0.014841  -0.017591  49.852120  49.767719  49.789402  0.090337  -0.107079  -0.063501
0.001211  0.000132  -0.000157  39.547009  40.734275  40.795377  -0.119616  0.141783  -0.178825
-0.000293  -0.000446  0.000528  32.978937  32.429448  32.113568  -0.497936  0.590216  0.924573
0.056168  0.056005  -0.066384  57.918830  57.756559  58.042406  0.486345  -0.576477  -0.836999
-0.001598  -0.002273  0.002694  39.031787  38.612206  38.365521  -0.438942  0.520289  0.721851
0.000286  0.000211  -0.000251  33.648716  33.885450  33.725692  -0.600459  0.711739  0.467581
-0.043019  -0.212721  0.252144  62.484999  64.084597  65.031423  0.412473  -0.488915  -2.769007
-0.002699  -0.000478  0.000566  42.880453  43.845295  43.901926  -0.200663  0.237850  -0.165743
0.010963  0.008184  -0.009701  47.955258  47.988058  47.974638  -0.221772  0.262872  0.039259
0.016802  0.019742  -0.023401  49.943387  49.828852  49.860176  -0.041559  0.049261  -0.091623
-2.242509  0.934459  -1.107638  128.931517  111.139368  112.511052  -6.849049  8.118349  -4.014519
0.167845  -0.578596  0.685824  74.737516  77.844916  79.797908  -1.286229  1.524600  -5.715967
-0.083979  -0.713823  0.846112  76.661089  80.865062  83.227626  0.504561  -0.598069  -6.914624
-0.000692  0.000062  -0.000073  37.695520  38.956457  39.016934  0.089814  -0.106458  -0.176999
-0.000146  0.000102  -0.000120  32.104481  32.411130  32.261698  0.600926  -0.712292  0.437358
-2.044693  3.404004  -4.034850  132.525802  138.605703  147.309533  -12.447916  14.754824  -25.473976
0.181604  0.253137  -0.300050  68.996050  69.512270  70.477127  1.439893  -1.706741  -2.823893
-0.238529  0.192622  -0.228320  71.797023  70.643456  71.310264  -1.601137  1.897867  -1.951589
0.000205  -0.000269  0.000319  32.118659  31.696541  31.403269  0.540656  -0.640853  0.858404
0.000801  0.001093  -0.001295  36.173555  35.746373  35.471243  -0.499116  0.591614  0.805272
0.432778  -0.570927  0.676734  81.123641  81.638266  83.308899  -2.762848  3.274872  -4.889532
0.000179  0.000132  -0.000156  32.512927  32.754845  32.593258  -0.604033  0.715976  0.472932
-0.000585  -0.003500  0.004149  38.561633  37.693760  37.358933  -0.128066  0.151801  0.978711
2.843097  0.407258  -0.482733  142.846344  115.727887  116.115362  3.094284  -3.667732  -1.134053
5.453376  0.978907  -1.160322  205.083021  149.323783  150.158871  8.310796  -9.850994  -2.445345
-0.006146  0.002505  -0.002969  46.132729  46.604004  46.622675  0.280204  -0.332132  -0.054641
-0.000495  0.000822  -0.000974  34.577379  33.976039  33.657150  0.461539  -0.547074  0.933296
0.001067  0.000802  -0.000950  37.614268  37.818521  37.675130  -0.558957  0.662545  0.419674
0.012631  0.007220  -0.008558  49.150031  49.263832  49.285832  -0.182176  0.215938  -0.064392
0.484702  0.658822  -0.780918  83.342922  84.056211  85.940076  3.057371  -3.623978  -5.513749
-0.041583  -0.001987  0.002355  58.107799  57.445280  57.542993  0.011107  -0.013165  -0.285985
-0.001942  0.000118  -0.000140  41.483840  42.612049  42.681904  0.040812  -0.048375  -0.204442
0.002066  -0.000541  0.000641  41.455831  42.389014  42.422003  0.304731  -0.361205  -0.096551
-1.328356  -1.477510  1.751329  108.169668  106.514876  110.122787  7.469450  -8.853724  -10.559598
0.000138  -0.000059  0.000071  32.604297  33.414031  33.365026  0.499977  -0.592635  0.143425
0.055435  0.102085  -0.121004  58.598502  59.097883  59.596107  0.534591  -0.633664  -1.460966
-0.000006  0.000006  -0.000007  24.511220  24.356924  24.126700  0.549581  -0.651432  0.673816
0.017416  -0.020079  0.023800  50.156003  50.045161  50.082531  0.032048  -0.037988  -0.109353
0.001283  -0.001222  0.001449  38.107103  38.045282  37.855796  0.536774  -0.636252  0.554580
-0.000016  -0.000012  0.000014  26.353050  26.536948  26.368288  -0.580112  0.687621  0.493636
-0.083361  0.177787  -0.210735  62.721484  63.712468  64.508654  -0.769938  0.912627  -2.333301
-0.001748  -0.010480  0.012423  42.988361  42.374845  42.160671  -0.086649  0.102707  0.625687
5.154462  -1.628646  1.930475  262.551347  184.455209  187.070628  -19.037486  22.565605  -7.654701
-0.000532  0.031093  -0.036856  48.412370  48.290314  48.314612  0.000060  -0.000071  -0.070988
